"country_code"	"name"	"2015-2020"	"2020-2025"	"2025-2030"	"2030-2035"	"2035-2040"	"2040-2045"	"2045-2050"	"2050-2055"	"2055-2060"	"2060-2065"	"2065-2070"	"2070-2075"	"2075-2080"	"2080-2085"	"2085-2090"	"2090-2095"	"2095-2100"
900	"WORLD"	0	0	0	0	0	0	0	0	0	0	0	0	0	0	0	0	0
903	"AFRICA"	-11900.989	-13156.654	-14962.88	-16768.549	-18545.645	-20270.689	-21940.72	-23565.404	-25182.154	-26847.539	-28549.672	-30217.124	-31774.032	-33239.517	-34714.137	-36251.482	-37808.507
108	"Burundi"	-824.297	-1066.679	-1236.746	-1411.1	-1596.204	-1799.991	-2026.047	-2272.403	-2530.553	-2797.156	-3071.013	-3350.316	-3644.123	-3960.355	-4299.496	-4650.563	-5002.009
174	"Comoros"	-50.77	-59.193	-64.351	-69.55	-74.89	-80.358	-85.83	-91.325	-97.06	-103.286	-110.104	-117.484	-125.362	-133.479	-141.661	-149.811	-158.056
262	"Djibouti"	-226.958	-236.579	-261.097	-285.137	-307.99	-329.462	-349.607	-368.236	-385.714	-402.705	-418.972	-432.781	-442.213	-447.727	-451.786	-457.019	-463.836
232	"Eritrea"	-552.694	-583.937	-666.058	-747.851	-828.438	-906.996	-983.452	-1060.37	-1137.817	-1215.573	-1295.152	-1381.399	-1473.151	-1567.175	-1662.263	-1759.173	-1857.715
231	"Ethiopia"	-4943.542	-5996.587	-6816.188	-7620.191	-8396.559	-9129.251	-9794.442	-10420.855	-11015.273	-11588.833	-12143.917	-12683.513	-13217.929	-13764.282	-14337.989	-14965.651	-15639.651
404	"Kenya"	-592.722	-860.505	-972.003	-1084.404	-1198.309	-1312.654	-1426.982	-1543.717	-1664.14	-1783.749	-1896.734	-2000.552	-2101.57	-2210.11	-2328.397	-2448.18	-2568.417
450	"Madagascar"	-217.92	-326.001	-420.782	-516.893	-616.37	-721.49	-832.604	-950.375	-1075.969	-1211.38	-1357.182	-1511.409	-1674.068	-1847.038	-2028.192	-2215.09	-2405.143
454	"Malawi"	-2135.368	-2434.14	-2831.974	-3239.565	-3672.888	-4148.969	-4681.419	-5272.43	-5914.017	-6575.703	-7236.205	-7894.281	-8551.75	-9197.388	-9817.709	-10383.007	-10902.607
480	"Mauritius"	-47.353	-59.643	-59.341	-58.814	-57.817	-56.265	-54.306	-52.113	-49.738	-47.281	-44.937	-42.747	-40.676	-38.723	-36.932	-35.297	-33.765
175	"Mayotte"	-23.433	-28.866	-32.074	-35.17	-38.182	-41.186	-44.298	-47.641	-51.25	-55.201	-59.466	-63.883	-68.259	-72.393	-75.986	-79.148	-82.139
508	"Mozambique"	-2296.548	-2660.635	-3151.766	-3639.153	-4134.194	-4648.602	-5197.279	-5776.393	-6366.8	-6947.322	-7504.29	-8037.096	-8562.867	-9071.931	-9548.775	-9995.111	-10430.095
638	"R~A(c)union"	-50.026	-51.476	-51.684	-52.017	-52.555	-53.289	-54.196	-55.195	-56.223	-57.288	-58.307	-59.073	-59.318	-58.852	-57.8	-56.387	-54.76
646	"Rwanda"	-2325.946	-2419.188	-2705.811	-2994.539	-3287.392	-3581.604	-3878.225	-4177.455	-4479.448	-4771.267	-5036.893	-5265.845	-5454.385	-5623.691	-5802.506	-6000.182	-6206.824
690	"Seychelles"	-7.757	-7.339	-7.56	-7.753	-7.891	-7.963	-7.98	-7.935	-7.827	-7.668	-7.501	-7.357	-7.267	-7.258	-7.34	-7.498	-7.691
706	"Somalia"	-2924.698	-3223.326	-3979.875	-4761.156	-5592.545	-6485.702	-7447.84	-8474.54	-9568.134	-10704.612	-11885.57	-13131.543	-14459.826	-15949.717	-17650.002	-19486.682	-21365.888
728	"South Sudan"	-1603.962	-2239.599	-2655.016	-3071.079	-3491.873	-3919.215	-4356.11	-4807.773	-5284.197	-5794.214	-6316.803	-6825.292	-7312.05	-7752.981	-8134.966	-8475.86	-8797.526
800	"Uganda"	-1234.125	-1558.707	-1870.567	-2190.359	-2517.176	-2844.705	-3170.635	-3496.433	-3815.153	-4125.629	-4438.041	-4770.023	-5138.563	-5545.758	-5987.966	-6461.308	-6950.638
834	"United Republic of Tanzania"	-1269.614	-1628.18	-2025.289	-2423.617	-2827.137	-3246.708	-3685.08	-4131.635	-4577.72	-5035.592	-5521.519	-6052.546	-6642.876	-7294.116	-7992.287	-8715.14	-9444.075
894	"Zambia"	-307.401	-356.265	-444.038	-532.043	-620.279	-709.215	-799.102	-888.883	-975.935	-1061.139	-1151.327	-1252.263	-1365.565	-1488.231	-1615.223	-1745.939	-1880.194
716	"Zimbabwe"	-701.187	-816.378	-892.834	-969.33	-1044.555	-1117.072	-1183.851	-1244.859	-1302.978	-1361.782	-1420.237	-1475.742	-1525.221	-1565.753	-1600.99	-1634.189	-1666.995
24	"Angola"	-991.03	-1358.41	-1651.324	-1948.805	-2253.728	-2567.383	-2884.093	-3199.384	-3515.044	-3849.506	-4213.712	-4610.978	-5037.98	-5473.556	-5886.701	-6270.871	-6641.382
120	"Cameroon"	-301.81	-429.714	-521.977	-613.434	-702.721	-788.698	-869.611	-943.888	-1011.313	-1074.038	-1134.998	-1196.99	-1262.338	-1332.828	-1409.876	-1491.416	-1575.086
140	"Central African Republic"	-128.66	-143.95	-154.598	-165.088	-174.928	-183.55	-190.691	-196.244	-200.425	-203.954	-207.005	-209.296	-210.712	-211.331	-211.312	-210.822	-210.056
148	"Chad"	-406.796	-644.214	-795.075	-946.487	-1099.039	-1251.748	-1404.892	-1562.28	-1726.921	-1901.115	-2083.556	-2271.279	-2462.933	-2656.67	-2852.335	-3050.325	-3251.048
178	"Congo"	-128.25	-126.418	-143.151	-159.485	-175.603	-192.374	-210.545	-230.466	-252.736	-276.787	-301.247	-325.356	-349.051	-372.405	-395.451	-417.872	-439.716
180	"Democratic Republic of the Congo"	-2652.608	-3553.73	-4194.797	-4842.66	-5497.394	-6171.849	-6882.327	-7637.122	-8433.969	-9257.143	-10118.097	-11029.707	-11979.71	-12929.904	-13857.563	-14723.779	-15541.109
226	"Equatorial Guinea"	-203.246	-211.202	-244.852	-278.636	-312.668	-347.291	-382.558	-418.887	-456.229	-494.267	-534.585	-579.263	-626.778	-675.862	-726.017	-773.886	-818.578
266	"Gabon"	-23.481	-35.143	-41.397	-47.595	-53.555	-59.05	-63.871	-67.894	-70.982	-73.274	-75.02	-76.622	-78.271	-79.794	-81.156	-82.758	-84.724
678	"Sao Tome and Principe"	-22.639	-25.037	-27.46	-29.969	-32.644	-35.553	-38.739	-42.245	-46.029	-49.853	-53.402	-56.391	-58.812	-60.729	-62.194	-63.451	-64.74
12	"Algeria"	-894.333	-1100.667	-1170.377	-1238.163	-1302.746	-1364.798	-1422.288	-1471.304	-1509.067	-1536.189	-1554.097	-1565.713	-1572.943	-1577.213	-1580.239	-1583.591	-1588.986
818	"Egypt"	-1452.221	-1927.708	-2160.052	-2390.01	-2613.598	-2824.612	-3019.112	-3195.003	-3359.309	-3521.603	-3687.933	-3855.302	-4025.174	-4200.149	-4384.912	-4580.6	-4779.913
434	"Libya"	-793.395	-781.017	-732.365	-684.322	-638.606	-597.249	-561.322	-531.717	-508.321	-490.382	-477.158	-468.429	-464.426	-464.993	-468.541	-473.329	-478.102
504	"Morocco"	-1145.087	-1358.997	-1421.829	-1480.711	-1531.067	-1572.366	-1606.104	-1633.989	-1655.618	-1668.297	-1670.029	-1660.833	-1642.734	-1621.08	-1599.777	-1577.337	-1553.72
729	"Sudan"	-2663.815	-3059.059	-3301.255	-3534.664	-3766.203	-4008.414	-4271.855	-4560.516	-4864.984	-5188.513	-5536.986	-5898.156	-6266.813	-6629.047	-6968.996	-7298.509	-7635.102
788	"Tunisia"	-469.782	-594.117	-615.225	-632.574	-644.302	-650.197	-650.741	-646.663	-638.878	-630.271	-623.338	-618.693	-616.102	-614.819	-613.705	-612.016	-609.958
732	"Western Sahara"	-161.048	-162.552	-172.163	-182.169	-192.395	-202.066	-210.555	-217.761	-224.432	-230.929	-237.13	-243.074	-248.841	-254.673	-259.811	-263.87	-267.527
72	"Botswana"	-52.289	-82.254	-91.985	-101.123	-109.3	-116.452	-122.455	-127.166	-130.535	-132.725	-133.916	-134.396	-134.684	-135.639	-137.755	-141.074	-145.148
426	"Lesotho"	-88.869	-107.319	-114.588	-121.835	-129.032	-135.99	-142.197	-147.433	-151.893	-155.916	-159.813	-163.831	-167.929	-171.942	-175.971	-179.888	-183.556
516	"Namibia"	-153.694	-202.115	-219.883	-236.309	-250.339	-261.924	-271.834	-281.199	-290.203	-298.39	-305.781	-312.854	-319.393	-325.836	-332.241	-339.092	-346.85
710	"South Africa"	-837.872	-1096.862	-1193.145	-1290.655	-1383.612	-1464.966	-1526.568	-1564.361	-1580.43	-1581.948	-1572.63	-1555.184	-1526.885	-1483.112	-1427.349	-1364.398	-1299.803
748	"Swaziland"	-74.254	-78.566	-83.417	-88.14	-92.76	-97.228	-101.549	-105.518	-108.782	-111.097	-112.517	-113.26	-113.771	-114.526	-115.552	-116.557	-117.411
204	"Benin"	-275.376	-356.422	-416.54	-475.803	-533.913	-590.775	-646.505	-700.223	-749.57	-794.18	-837.19	-880.49	-925.11	-971.229	-1019.211	-1068.133	-1115.469
854	"Burkina Faso"	-413.373	-554.842	-699.208	-843.641	-987.93	-1131.438	-1274.356	-1418.583	-1567.765	-1725.65	-1892.836	-2063.262	-2228.857	-2386.121	-2539.861	-2695.828	-2853.57
132	"Cabo Verde"	-68.028	-76.1	-78.434	-80.83	-83.533	-86.58	-89.953	-93.473	-97.005	-100.14	-102.141	-102.714	-101.911	-100.372	-98.673	-97.16	-95.748
384	"C~A'te d'Ivoire"	-725.96	-1123.48	-1416.145	-1705.729	-1990.949	-2273.237	-2551.048	-2817.631	-3073.752	-3320.881	-3558.002	-3783.794	-4004.835	-4225.695	-4443.072	-4657.316	-4870.247
270	"Gambia"	-206.873	-236.864	-274.186	-312.82	-353.239	-395.812	-441.088	-489.632	-541.295	-594.155	-645.949	-694.38	-740.854	-790.381	-846.122	-907.229	-969.459
288	"Ghana"	-1619.052	-2104.366	-2296.309	-2482.01	-2656.816	-2818.556	-2969.766	-3111.244	-3250.171	-3390.715	-3533.459	-3684.625	-3849.368	-4025.291	-4208.277	-4389.526	-4564.592
324	"Guinea"	-1489.76	-1720.024	-1975.263	-2229.403	-2485.295	-2749.3	-3022.234	-3299.841	-3586.732	-3885.714	-4194.695	-4507.749	-4820.232	-5127.568	-5424.782	-5707.484	-5976.847
624	"Guinea-Bissau"	-66.487	-86.06	-99.457	-112.7	-125.66	-138.238	-150.416	-162.183	-173.509	-184.444	-195.181	-205.98	-216.618	-226.862	-236.516	-245.914	-255.149
430	"Liberia"	-969.818	-1000.86	-1168.455	-1339.776	-1518.32	-1705.988	-1902.828	-2110.922	-2330.413	-2557.147	-2784.58	-3006.616	-3216.816	-3415.574	-3601.999	-3773.972	-3939.388
466	"Mali"	-1014.178	-1161.853	-1378.185	-1596.38	-1818.183	-2045.039	-2279.923	-2526.277	-2784.296	-3053.645	-3331.565	-3618.218	-3906.886	-4188.422	-4456.122	-4711.01	-4957.4
478	"Mauritania"	-97.528	-120.722	-139.48	-157.977	-176.115	-194.23	-212.673	-231.581	-250.801	-269.895	-288.486	-306.683	-324.828	-343.388	-362.845	-383.093	-403.91
562	"Niger"	-403.149	-543.866	-747.002	-954.617	-1171.997	-1406.753	-1668.611	-1965.435	-2304.619	-2692.839	-3137.754	-3639.686	-4193.706	-4797.803	-5437.13	-6089.761	-6742.75
566	"Nigeria"	-3197.985	-4061.49	-4608.752	-5158.133	-5708.773	-6266.831	-6840.199	-7437.239	-8065.611	-8723.688	-9431.87	-10198.795	-11021.374	-11882.194	-12803.611	-13790.385	-14796.883
686	"Senegal"	-647.275	-809.524	-961.534	-1116.7	-1277.327	-1444.711	-1618.018	-1794.251	-1970.5	-2147.538	-2323.775	-2497.726	-2669.896	-2847.577	-3037.597	-3239.681	-3451.81
694	"Sierra Leone"	-733.625	-839.371	-930.578	-1022.487	-1114.643	-1207.907	-1306.688	-1418.207	-1544.407	-1683.896	-1828.196	-1966.438	-2090.738	-2205.638	-2317.804	-2429.446	-2540.572
768	"Togo"	-588.225	-709.042	-792.741	-876.331	-959.113	-1040.923	-1121.815	-1201.197	-1275.998	-1346.396	-1416.566	-1490.923	-1566.362	-1636.501	-1700.085	-1757.926	-1813.34
935	"ASIA"	-15579.854	-17019.655	-18572.285	-20085.732	-21554.817	-23000.85	-24428.828	-25846.314	-27250.132	-28637.577	-29986.124	-31297.453	-32574.397	-33833.043	-35170.138	-36637.187	-38161.185
156	"China"	-11245.326	-14175.599	-15185.1	-16153.182	-17005.903	-17701.788	-18215.34	-18547.296	-18716.785	-18714.766	-18564.432	-18290.356	-17904.675	-17419.527	-16840.061	-16173.555	-15454.725
344	"China, Hong Kong SAR"	-643.503	-774.53	-757.188	-737.513	-716.106	-697.19	-682.344	-670.465	-662.615	-659.076	-657.854	-658.742	-660.139	-661.365	-660.837	-657.208	-649.989
446	"China, Macao SAR"	-99.78	-115.132	-122.353	-129.266	-135.328	-139.945	-142.622	-142.922	-140.577	-136.431	-131.718	-127.417	-124.191	-122.03	-120.418	-118.939	-117.387
408	"Dem. People's Republic of Korea"	-192.126	-207.131	-211.636	-216.485	-221.712	-227.135	-231.96	-235.703	-238.549	-240.81	-242.723	-244.578	-246.998	-250.322	-254.931	-261.024	-268.369
392	"Japan"	-1300.102	-1422.939	-1423.32	-1422.358	-1419.572	-1415.423	-1409.157	-1400.896	-1389.287	-1370.314	-1344.906	-1317.507	-1292.945	-1274.509	-1261.63	-1254.556	-1250.523
496	"Mongolia"	-105.24	-120.214	-125.973	-131.636	-137.07	-142.285	-147.462	-152.441	-156.806	-160.38	-163.446	-166.039	-168.368	-171.082	-174.723	-179.11	-183.942
410	"Republic of Korea"	-1180.764	-1512.171	-1517.644	-1518.407	-1514.915	-1507.835	-1494.392	-1471.368	-1440.805	-1405.183	-1365.987	-1323.018	-1277.668	-1234.01	-1194.297	-1158.015	-1123.11
158	"Other non-specified areas"	-725.606	-784.607	-788.751	-788.132	-778.997	-759.863	-731.201	-695.89	-657.708	-618.845	-581.376	-546.423	-514.428	-484.893	-457.981	-433.637	-410.686
398	"Kazakhstan"	-1214.266	-1621.299	-1700.484	-1777.902	-1852.222	-1923.244	-1997.584	-2080.079	-2170.941	-2267.385	-2367.605	-2467.078	-2565.244	-2667.449	-2781.083	-2904.567	-3033.268
417	"Kyrgyzstan"	-469.868	-492.773	-517.278	-541.427	-564.463	-586.37	-607.772	-629.657	-653.306	-678.531	-704.227	-730.068	-756.099	-780.45	-800.428	-815.008	-826.12
762	"Tajikistan"	-538.318	-638.448	-684.801	-730.453	-775.862	-822.204	-870.595	-921.473	-973.699	-1025.326	-1074.926	-1121.148	-1163.161	-1199.872	-1232.235	-1260.381	-1286.635
795	"Turkmenistan"	-199.043	-245.635	-250.094	-254.657	-259.484	-263.942	-267.476	-269.798	-271.212	-271.802	-271.581	-271.268	-271.814	-273.498	-275.842	-278.43	-281.268
860	"Uzbekistan"	-1255.951	-1653.976	-1712.434	-1765.688	-1812.345	-1850.518	-1876.948	-1888.126	-1884.774	-1867.88	-1843.238	-1815.768	-1788.879	-1763.391	-1741.981	-1727.535	-1719.415
4	"Afghanistan"	-7617.111	-7414.52	-8441.821	-9476.541	-10501.587	-11491.511	-12442.294	-13396.856	-14362.531	-15276.1	-16093.728	-16844.944	-17461.296	-17869.702	-18109.896	-18241.215	-18356.474
50	"Bangladesh"	-6412.895	-7293.056	-7462.132	-7634.571	-7809.114	-7976.65	-8124.168	-8229.962	-8285.467	-8311.754	-8335.538	-8360.441	-8372.434	-8361.861	-8338.048	-8327.128	-8333.546
64	"Bhutan"	-91.092	-107.665	-111.562	-115.319	-118.956	-122.281	-125.085	-126.998	-127.532	-126.539	-124.575	-122.554	-121.066	-120.27	-120.152	-120.465	-121.069
356	"India"	-11845.561	-13726.622	-14858.163	-15987.979	-17119.024	-18277.46	-19468.075	-20675.573	-21851.909	-23001.571	-24120.21	-25116.465	-25847.311	-26287.1	-26512.478	-26629.1	-26713.268
364	"Iran (Islamic Republic of)"	-3897.381	-4556.736	-4604.338	-4638.673	-4651.468	-4627.202	-4566.227	-4488.062	-4412.772	-4346.237	-4290.381	-4252.314	-4216.954	-4159.17	-4057.676	-3923.578	-3783.085
462	"Maldives"	-11.92	-13.8	-14.04	-14.236	-14.388	-14.518	-14.654	-14.78	-14.878	-14.941	-14.955	-14.93	-14.876	-14.837	-14.849	-14.917	-15.021
524	"Nepal"	-1124.337	-1363.273	-1431.382	-1495.5	-1550.574	-1590.577	-1610.714	-1612.027	-1597.543	-1571.714	-1540.781	-1510.508	-1484.825	-1462.201	-1438.876	-1415.449	-1392.578
586	"Pakistan"	-4449.961	-5478.999	-6038.798	-6583.456	-7101.857	-7587.035	-8028.325	-8415.532	-8737.242	-8983.807	-9149.588	-9250.743	-9324.029	-9404.041	-9501.919	-9618.564	-9741.632
144	"Sri Lanka"	-784.741	-874.702	-878.383	-880.385	-879.458	-874.213	-862.904	-844.958	-820.309	-789.394	-755.439	-722.51	-693.627	-669.952	-649.692	-630.75	-611.353
96	"Brunei Darussalam"	-15.999	-24.799	-26.173	-27.49	-28.668	-29.621	-30.249	-30.508	-30.42	-30.105	-29.739	-29.459	-29.314	-29.243	-29.226	-29.266	-29.371
116	"Cambodia"	-811.64	-955.189	-1030.747	-1105.447	-1176.406	-1241.142	-1295.617	-1335.989	-1359.689	-1371.105	-1380.57	-1397.617	-1427.783	-1473.195	-1533.487	-1601.53	-1671.611
360	"Indonesia"	-3198.262	-3691.294	-4035.057	-4370.921	-4691.604	-4993.303	-5278.231	-5541.347	-5773.904	-5977.697	-6146.05	-6264.985	-6325.03	-6335.152	-6317.789	-6294.658	-6277.113
418	"Lao People's Democratic Republic"	-433.933	-475.37	-495.835	-517.032	-538.446	-558.478	-575.155	-587.183	-595.8	-602.451	-608.347	-614.632	-622.089	-630.922	-641.187	-652.672	-664.947
458	"Malaysia"	-153.603	-455.94	-554.578	-649.186	-737.62	-818.623	-889.958	-948.275	-992.589	-1022.823	-1040.067	-1048.122	-1049.203	-1045.166	-1036.261	-1023.533	-1008.079
104	"Myanmar"	-1485.315	-1832.632	-1928.178	-2014.125	-2079.971	-2121.077	-2136.802	-2129.856	-2106.023	-2071.475	-2032.052	-1991.083	-1951.212	-1913.007	-1872.919	-1829.538	-1783.508
608	"Philippines"	-2342.639	-2802.605	-2994.409	-3188.22	-3379.579	-3563.827	-3745.076	-3927.665	-4106.968	-4269.129	-4407.21	-4514.763	-4598.371	-4667.274	-4715.135	-4739.175	-4750.123
702	"Singapore"	88.041	-143.346	-210.91	-275.248	-332.556	-379.03	-413.013	-436.321	-452.045	-462.345	-469.11	-475.115	-483.3	-494.994	-509.711	-525.62	-540.578
764	"Thailand"	-1373.465	-1547.952	-1515.177	-1484.794	-1455.864	-1423.878	-1385.089	-1339.782	-1293.783	-1251.564	-1212.43	-1179.271	-1154.798	-1141.153	-1134.781	-1129.828	-1121.81
626	"Timor-Leste"	-213.538	-222.919	-263.733	-305.447	-348.273	-391.404	-433.683	-473.417	-510.485	-546.412	-584.3	-626.754	-675.761	-730.869	-790.499	-852.155	-914.322
704	"Viet Nam"	-1705.675	-1956.368	-2073.285	-2183.366	-2281.247	-2360.844	-2417.594	-2452.238	-2466.721	-2462.807	-2444.867	-2418.879	-2392.002	-2367.908	-2344.868	-2320.531	-2294.43
51	"Armenia"	-262.754	-320.531	-309.456	-297.239	-284.751	-273.839	-266.228	-261.792	-259.658	-258.821	-258.048	-256.441	-253.561	-249.831	-245.753	-241.622	-237.579
31	"Azerbaijan"	-215.667	-285.777	-309.226	-331.099	-349.878	-365.049	-376.542	-384.554	-389.357	-391.259	-390.324	-386.372	-379.315	-369.462	-357.718	-344.985	-331.884
48	"Bahrain"	-297.767	-319.514	-330.28	-340.352	-348.783	-355.456	-360.67	-364.671	-367.995	-371.288	-374.447	-376.748	-377.43	-375.339	-370.359	-364.064	-357.147
196	"Cyprus"	-52.091	-82.792	-85.838	-88.893	-91.966	-95	-97.68	-99.759	-101.336	-102.78	-104.415	-106.132	-108.242	-111.531	-116.49	-123.031	-130.401
268	"Georgia"	-451.332	-437.313	-396.83	-357.937	-322.408	-291.578	-266.088	-245.432	-229.16	-216.792	-207.754	-201.534	-197.583	-195.712	-195.694	-196.735	-198.011
368	"Iraq"	-1134.912	-1533.306	-1848.756	-2163.967	-2480.249	-2800.55	-3127.895	-3470.498	-3832.208	-4222.007	-4649.155	-5112.611	-5607.659	-6120.213	-6647.565	-7190.432	-7731.659
376	"Israel"	-603.293	-712.635	-775.045	-837.462	-898.185	-954.348	-1003.936	-1049.671	-1098.584	-1156.373	-1219.628	-1280.353	-1332.821	-1378.522	-1419.504	-1457.22	-1493.674
400	"Jordan"	-1338.272	-1528.448	-1706.751	-1889.673	-2083.265	-2292.088	-2511.066	-2729.235	-2930.673	-3111.193	-3267.717	-3397.545	-3507.503	-3607.75	-3696.144	-3769.313	-3827.553
414	"Kuwait"	-1038.78	-1176.768	-1336.956	-1492.437	-1635.298	-1758.991	-1863.593	-1949.482	-2019.37	-2077.033	-2125.431	-2164.22	-2192.467	-2209.75	-2213.936	-2207.646	-2197.044
422	"Lebanon"	-729.358	-1358.266	-1394.717	-1427.758	-1459.274	-1495.134	-1543.124	-1606.049	-1681.263	-1766.752	-1857.075	-1943.055	-2016.476	-2080.922	-2146.113	-2215.357	-2284.107
512	"Oman"	-152.87	-947.318	-1287.802	-1620.75	-1934.063	-2214.418	-2448.259	-2623.862	-2742.855	-2816.681	-2859.377	-2887.864	-2912.555	-2940.637	-2968.833	-2989.694	-3006.754
634	"Qatar"	-556.616	-758.599	-903.933	-1043.958	-1173.39	-1290.145	-1395.629	-1488.842	-1571.217	-1641.469	-1699.834	-1749.031	-1787.265	-1811.214	-1818.572	-1812.586	-1798.93
682	"Saudi Arabia"	-1932.537	-3189.361	-3495.965	-3774.997	-4017.017	-4224.47	-4401.64	-4554.102	-4681.409	-4781.681	-4855.508	-4893.975	-4887.426	-4838.56	-4753.987	-4640.976	-4512.97
275	"State of Palestine"	-819.288	-919.689	-1020.944	-1125.327	-1236.899	-1357.405	-1484.589	-1614.301	-1742.45	-1871.91	-2006.643	-2146.916	-2291.377	-2443.683	-2609.193	-2782.631	-2958.602
760	"Syrian Arab Republic"	-3643.215	-2588.428	-2691.701	-2801.081	-2912.75	-3024.547	-3137.469	-3259.045	-3402.793	-3571.187	-3755.674	-3940.335	-4095.256	-4198.142	-4230.671	-4207.886	-4161.781
792	"Turkey"	-498.028	-1327.972	-1621.044	-1897.247	-2141.199	-2346.097	-2512.519	-2650.082	-2770.247	-2876.057	-2969.897	-3055.248	-3129.015	-3188.45	-3238.215	-3284.008	-3329.746
784	"United Arab Emirates"	-2448.01	-2960.741	-3522.436	-4054.135	-4536.108	-4958.495	-5316.074	-5607.032	-5828.861	-5978.908	-6082.572	-6187.619	-6331.739	-6523.281	-6739.724	-6960.145	-7174.858
887	"Yemen"	-1696.265	-2238.535	-2401.557	-2559.485	-2715.337	-2874.069	-3029.656	-3175.472	-3305.13	-3412.838	-3498.796	-3558.614	-3584.234	-3572.735	-3516.664	-3425.995	-3320.564
908	"EUROPE"	-386.632	-1797.741	-2027.195	-2230.836	-2396.55	-2534.448	-2649.562	-2731.392	-2771.528	-2774.705	-2762.317	-2748.602	-2734.404	-2728.013	-2752.208	-2812.981	-2895.55
112	"Belarus"	-77.954	-123.136	-128.855	-133.864	-137.216	-138.432	-137.911	-136.134	-133.578	-131.061	-129.039	-127.613	-126.532	-125.63	-124.603	-123.702	-123.014
100	"Bulgaria"	-223.353	-224.109	-216.887	-209.379	-201.347	-193.077	-184.878	-176.699	-168.814	-161.438	-154.595	-148.53	-143.226	-138.689	-134.93	-131.907	-129.149
203	"Czech Republic"	-186.212	-226.998	-226.412	-225.79	-224.723	-222.926	-220.366	-217.231	-213.559	-209.003	-203.503	-197.463	-191.32	-185.631	-180.97	-177.407	-174.414
348	"Hungary"	-187.344	-213.939	-209.507	-204.823	-199.428	-193.102	-186.267	-179.494	-172.889	-166.945	-162.078	-158.619	-156.409	-154.757	-152.984	-150.755	-148.286
616	"Poland"	-536.219	-647.352	-641.023	-633.91	-625.376	-614.978	-602.176	-586.837	-569.693	-551.289	-532.242	-513.359	-494.93	-475.897	-455.489	-433.597	-411.277
498	"Republic of Moldova"	-135.878	-176.087	-174.283	-171.767	-168.181	-163.535	-157.991	-151.659	-144.582	-137.233	-130.328	-124.301	-119.195	-115.026	-111.863	-109.598	-107.638
642	"Romania"	-709.864	-752.281	-718.549	-683.646	-646.735	-607.713	-566.914	-525.283	-485.091	-448.511	-416.746	-390.015	-367.661	-349.176	-334.15	-321.996	-311.332
643	"Russian Federation"	-1033.365	-1865.589	-2091.127	-2306.577	-2497.578	-2651.945	-2758.933	-2822.846	-2858.052	-2876.92	-2882.957	-2869.474	-2833.155	-2780.119	-2718.853	-2657.886	-2601.867
703	"Slovakia"	-74.782	-92.745	-92.246	-91.552	-90.576	-89.28	-87.525	-85.323	-82.859	-80.336	-77.948	-75.723	-73.783	-72.192	-70.903	-69.715	-68.514
804	"Ukraine"	-496.235	-672.893	-670.025	-665.134	-656.825	-647.165	-639.168	-632.853	-626.886	-620.009	-612.483	-604.978	-599.335	-596.579	-595.907	-597.311	-600.14
830	"Channel Islands"	-1.167	-2.983	-3.377	-3.765	-4.133	-4.458	-4.728	-4.935	-5.068	-5.127	-5.123	-5.085	-5.016	-4.897	-4.735	-4.551	-4.369
208	"Denmark"	14.284	-19.592	-32.744	-45.022	-55.883	-65.189	-72.755	-78.439	-82.646	-85.968	-88.868	-91.714	-94.583	-97.383	-100.279	-103.414	-106.741
233	"Estonia"	-75.289	-81.669	-79.222	-76.784	-74.338	-71.938	-69.626	-67.471	-65.669	-64.317	-63.407	-62.953	-62.976	-63.324	-63.623	-63.808	-63.974
246	"Finland"	-42.337	-111.115	-120.269	-128.814	-136.147	-141.913	-146.201	-149.103	-150.588	-150.773	-150.382	-150.096	-150.053	-150.089	-149.952	-149.616	-149.172
352	"Iceland"	-8.061	-10.281	-10.733	-11.148	-11.507	-11.769	-11.902	-11.933	-11.916	-11.875	-11.803	-11.694	-11.538	-11.32	-11.075	-10.863	-10.702
372	"Ireland"	-393.724	-423.641	-407.365	-391.347	-376.815	-365.099	-357.236	-353.835	-354.198	-357.229	-361.608	-366.166	-371.258	-377.711	-386.688	-398.44	-411.666
428	"Latvia"	-134.137	-144.002	-132.736	-121.643	-111.007	-101.128	-92.364	-85.033	-79.246	-74.97	-72.112	-70.413	-69.502	-69.112	-69.192	-69.413	-69.505
440	"Lithuania"	-216.108	-209.134	-190.217	-171.211	-152.483	-134.759	-118.821	-105.105	-93.849	-85.182	-79.018	-74.997	-72.72	-71.704	-71.373	-71.264	-71.14
578	"Norway"	123.631	72.475	42.364	13.499	-13.256	-37.875	-60.645	-81.5	-100.055	-116.431	-130.76	-143.219	-153.691	-162.544	-170.685	-178.837	-187.268
752	"Sweden"	19.671	-52.865	-82.244	-110.704	-137.379	-161.502	-182.677	-201.322	-218.048	-232.954	-246.466	-258.562	-269.649	-280.023	-289.627	-298.232	-305.475
826	"United Kingdom"	-77.093	-515.914	-657.376	-792.229	-915.254	-1025.91	-1124.747	-1209.452	-1277.562	-1324.629	-1349.605	-1359.232	-1360.22	-1358.036	-1356.661	-1358.098	-1362.116
8	"Albania"	-288.75	-296.441	-294.109	-291.877	-289.977	-288.812	-288.447	-288.65	-290.005	-293.628	-299.38	-306.136	-312.042	-314.946	-313.154	-306.89	-298.164
70	"Bosnia and Herzegovina"	-377.352	-401.053	-386.68	-372.068	-357.748	-344.255	-331.406	-318.162	-303.509	-287.191	-270.224	-254.297	-240.668	-229.49	-220.569	-213.641	-207.753
191	"Croatia"	-138.464	-156.576	-150.389	-144.026	-137.77	-131.789	-126.137	-120.946	-116.055	-111.389	-107.109	-103.537	-100.766	-98.755	-97.657	-97.417	-97.553
300	"Greece"	-481.906	-514.193	-500.086	-485.135	-468.556	-450.275	-430.209	-409.278	-388.546	-368.546	-349.72	-332.729	-317.636	-304.431	-293.186	-284.105	-276.337
380	"Italy"	-798.55	-1091.943	-1135.156	-1171.762	-1198.7	-1213.372	-1216.21	-1212.626	-1208.704	-1205.869	-1202.742	-1197.19	-1187.891	-1173.447	-1155.864	-1139.673	-1126.7
470	"Malta"	-8.837	-13.853	-14.647	-15.37	-15.936	-16.27	-16.336	-16.223	-16.037	-15.859	-15.702	-15.564	-15.47	-15.424	-15.421	-15.437	-15.45
499	"Montenegro"	-47.705	-47.286	-46.398	-45.464	-44.43	-43.251	-41.915	-40.487	-39.095	-37.861	-36.857	-35.975	-35.005	-33.883	-32.767	-31.71	-30.711
620	"Portugal"	-676.014	-739.976	-714.912	-688.281	-659.776	-629.465	-597.503	-564.27	-532.134	-504.643	-483.256	-467.251	-455.584	-447.093	-440.828	-435.173	-428.493
688	"Serbia"	-436.438	-428.614	-414.635	-400.778	-387.843	-375.655	-364.103	-352.923	-341.905	-330.177	-317.539	-304.499	-291.724	-280.171	-270.514	-263.046	-257.376
705	"Slovenia"	-56.219	-70.94	-71.598	-71.871	-71.478	-70.38	-68.742	-66.778	-64.766	-62.933	-61.409	-60.133	-59.052	-58.234	-57.653	-57.301	-57.121
724	"Spain"	-2460.151	-2806.504	-2717.992	-2614.204	-2492.07	-2361.437	-2236.166	-2127.97	-2042.968	-1979.709	-1929.618	-1882.237	-1830.829	-1780.292	-1733.985	-1694.88	-1662.164
807	"TFYR Macedonia"	-108.339	-125.475	-123.354	-120.626	-117.366	-114.028	-111.174	-109.077	-107.562	-106.323	-105.196	-104.353	-103.676	-102.649	-100.916	-98.502	-95.788
40	"Austria"	-67.051	-106.918	-119.771	-132.124	-143.202	-152.124	-158.328	-161.703	-163.038	-163.007	-162.241	-161.373	-160.716	-160.587	-161.074	-161.891	-162.718
56	"Belgium"	52.15	-27.683	-60.524	-91.733	-119.612	-143.539	-164.188	-182.657	-199.383	-214.285	-227.076	-237.839	-246.821	-254.926	-262.231	-268.602	-274.142
250	"France"	-780.715	-1112.484	-1223.395	-1328.715	-1427.717	-1523.621	-1614.438	-1690.112	-1739.096	-1753.364	-1735.823	-1698.433	-1656.969	-1625.552	-1607.81	-1599.836	-1594.394
276	"Germany"	-1232.212	-1810.017	-1856.835	-1889.932	-1894.728	-1873.773	-1838.13	-1800.065	-1766.901	-1739.974	-1717.509	-1696.742	-1677.743	-1662.498	-1652.215	-1648.191	-1648.468
442	"Luxembourg"	17.599	-0.867	-9.875	-18.503	-26.429	-33.457	-39.564	-44.919	-49.694	-54.182	-58.711	-63.585	-69.239	-75.979	-83.947	-92.923	-102.397
528	"Netherlands"	-79.562	-112.105	-125.564	-138.708	-151.572	-163.973	-175.765	-186.176	-193.746	-197.731	-198.368	-196.741	-194.105	-191.307	-189.14	-188.179	-187.668
756	"Switzerland"	-110.28	-268.126	-298.815	-326.863	-350.65	-370.273	-386.613	-400.71	-413.894	-426.819	-439.485	-451.248	-461.35	-469.814	-478.221	-488.373	-500.276
904	"LATIN AMERICA AND THE CARIBBEAN"	-5827.782	-7395.345	-7803.93	-8185.761	-8531.295	-8829.963	-9066.956	-9233.156	-9317.767	-9335.781	-9320.412	-9287.747	-9237.312	-9168.246	-9085.826	-8995.286	-8909.709
28	"Antigua and Barbuda"	-10.932	-12.215	-12.604	-12.971	-13.314	-13.642	-13.978	-14.321	-14.686	-15.105	-15.517	-15.862	-16.091	-16.218	-16.253	-16.171	-16.014
533	"Aruba"	-18.726	-18.382	-18.593	-18.819	-19.07	-19.363	-19.653	-19.88	-20.019	-20.126	-20.203	-20.239	-20.243	-20.368	-20.721	-21.296	-21.98
44	"Bahamas"	-24.246	-38.209	-39.696	-41.025	-42.315	-43.769	-45.471	-47.259	-49.018	-50.664	-52.186	-53.582	-54.874	-56.046	-57.27	-58.609	-60.025
52	"Barbados"	-7.744	-12.755	-13.505	-14.197	-14.731	-15.033	-15.08	-14.91	-14.587	-14.205	-13.871	-13.664	-13.621	-13.744	-13.998	-14.34	-14.699
192	"Cuba"	-351.442	-398.019	-390.487	-382.359	-373.241	-362.395	-349.374	-334.55	-319.12	-304.132	-289.622	-275.349	-261.886	-249.363	-237.454	-225.895	-214.39
531	"Cura~ASSao"	-18.405	-20.335	-21.148	-21.964	-22.811	-23.7	-24.604	-25.483	-26.375	-27.393	-28.592	-29.891	-31.244	-32.64	-34.113	-35.667	-37.212
214	"Dominican Republic"	-263.851	-318.93	-339.755	-359.287	-376.467	-390.76	-401.612	-408.951	-413.022	-414.178	-412.921	-409.866	-405.389	-399.911	-394.13	-388.665	-383.434
308	"Grenada"	-16.479	-16.67	-16.864	-17.126	-17.472	-17.893	-18.387	-18.937	-19.482	-19.965	-20.426	-20.923	-21.467	-22.02	-22.477	-22.753	-22.913
312	"Guadeloupe"	-33.818	-38.381	-38.683	-38.982	-39.225	-39.412	-39.577	-39.752	-40.031	-40.532	-41.401	-42.655	-44.3	-46.363	-48.654	-51.041	-53.416
332	"Haiti"	-274.793	-330.127	-354.688	-378.727	-401.665	-422.701	-441.086	-456.141	-467.192	-474.577	-479.675	-484.083	-488.798	-493.574	-498.197	-503.081	-508.161
388	"Jamaica"	-234.029	-278.21	-273.532	-268.077	-262.002	-255.823	-249.932	-244.371	-239.434	-235.492	-233.01	-232.514	-234.58	-239.683	-248.174	-259.483	-272.412
474	"Martinique"	-27.007	-30.162	-29.786	-29.317	-28.638	-27.752	-26.776	-25.843	-25.054	-24.477	-24.152	-24.016	-23.981	-24.005	-24.099	-24.24	-24.397
630	"Puerto Rico"	-197.396	-211.779	-202.524	-193.397	-184.534	-176.074	-168.11	-161.042	-155.034	-149.631	-144.363	-139.326	-134.964	-131.538	-129.061	-127.15	-125.497
662	"Saint Lucia"	-9.33	-11.696	-12.064	-12.409	-12.719	-12.997	-13.237	-13.404	-13.478	-13.467	-13.363	-13.186	-12.965	-12.731	-12.521	-12.343	-12.201
670	"Saint Vincent and the Grenadines"	-9.139	-10.331	-9.89	-9.424	-8.923	-8.384	-7.818	-7.245	-6.698	-6.202	-5.76	-5.368	-5.019	-4.704	-4.41	-4.126	-3.848
780	"Trinidad and Tobago"	-71.164	-84.91	-83.735	-82.308	-80.394	-78.035	-75.512	-73.064	-70.834	-68.812	-67.004	-65.471	-64.33	-63.749	-63.611	-63.658	-63.734
850	"United States Virgin Islands"	-24.074	-20.691	-21.919	-23.12	-24.251	-25.281	-26.229	-27.077	-27.877	-28.768	-29.732	-30.598	-31.279	-31.892	-32.55	-33.33	-34.128
84	"Belize"	-22.217	-36.553	-39.445	-42.212	-44.714	-46.948	-49.006	-50.967	-53.048	-55.4	-58.015	-60.793	-63.388	-65.265	-66.083	-66.11	-65.803
188	"Costa Rica"	-48.25	-75.951	-87.328	-98.214	-107.772	-115.329	-120.554	-123.53	-124.731	-124.575	-123.279	-121.017	-118.27	-115.595	-113.48	-111.982	-110.73
222	"El Salvador"	-362.105	-408.484	-408.576	-407.292	-403.55	-397.282	-388.763	-377.972	-365.214	-351.046	-336.189	-321.02	-305.287	-288.765	-271.675	-254.261	-236.745
320	"Guatemala"	-415.925	-562.412	-636.932	-709.201	-777.443	-840.916	-899.343	-953.262	-1003.244	-1050.124	-1094.76	-1138.229	-1180.855	-1221.619	-1258.395	-1291.025	-1321.362
340	"Honduras"	-326.728	-394.21	-406.813	-418.66	-428.633	-436.191	-441.174	-443.561	-443.7	-442.209	-439.215	-434.972	-430.665	-427.333	-425.477	-424.603	-423.96
484	"Mexico"	-3194.59	-4244.818	-4482.686	-4706.494	-4904.074	-5069.461	-5202.632	-5302.794	-5363.458	-5383.212	-5365.081	-5314.3	-5228.647	-5108.84	-4965.352	-4815.426	-4663.614
558	"Nicaragua"	-242.941	-296.821	-308.332	-318.451	-325.816	-330.083	-331.366	-329.589	-324.922	-317.881	-308.58	-297.233	-284.378	-270.768	-257.036	-243.52	-230.051
591	"Panama"	-5.135	-26.993	-35.953	-44.822	-53.374	-61.339	-68.508	-74.734	-80.335	-85.551	-90.517	-95.186	-99.478	-103.173	-106.25	-108.985	-111.68
32	"Argentina"	-596.892	-749.73	-805.275	-858.5	-906.567	-949.247	-985.432	-1015.782	-1041.007	-1061.377	-1077.982	-1090.13	-1095.017	-1091.83	-1081.499	-1065.56	-1045.613
68	"Bolivia (Plurinational State of)"	-192.186	-247.573	-272.345	-296.347	-319.393	-341.001	-360.606	-378.115	-393.421	-406.851	-418.75	-428.99	-437.159	-442.825	-446.681	-449.602	-452.443
76	"Brazil"	-1665.525	-2406.448	-2658.59	-2902.822	-3129.213	-3325.573	-3482.078	-3598.513	-3672.85	-3704.753	-3695.847	-3648.356	-3571.048	-3473.467	-3363.065	-3243.687	-3120.97
152	"Chile"	39.077	-62.702	-97.973	-132.468	-165.18	-195.573	-223.251	-248.405	-271.282	-292.284	-310.658	-324.637	-332.604	-334.477	-331.851	-326.895	-321.587
170	"Colombia"	-599.373	-794.859	-841.628	-886.236	-926.292	-961.028	-990.32	-1014.457	-1032.937	-1043.868	-1045.389	-1039.788	-1030.143	-1018.262	-1005.27	-992.479	-979.496
218	"Ecuador"	-197.149	-253.331	-290.904	-327.656	-362.588	-394.737	-424.161	-450.939	-474.528	-494.17	-509.182	-518.644	-522.937	-523.534	-523.127	-523.199	-523.777
254	"French Guiana"	-31.544	-40.43	-46.959	-53.623	-60.502	-67.604	-75.055	-83.084	-91.899	-101.478	-111.92	-123.404	-135.721	-148.43	-161.096	-173.433	-185.508
328	"Guyana"	-92.877	-103.865	-101.395	-99.027	-96.948	-95.558	-95.258	-96.153	-98.069	-100.795	-104.309	-108.457	-113.103	-118.421	-124.48	-131.238	-138.405
600	"Paraguay"	-177.607	-208.856	-218.8	-227.791	-235.367	-241.621	-246.779	-251.12	-255.035	-258.922	-262.717	-265.741	-267.318	-267.023	-264.666	-260.787	-256.235
604	"Peru"	-709.088	-859.013	-931.29	-1000.884	-1064.882	-1119.638	-1161.434	-1187.027	-1198.819	-1201.278	-1198.513	-1192.486	-1185.038	-1176.843	-1168.299	-1159.727	-1152.018
740	"Suriname"	-50.431	-63.192	-64.285	-65.129	-65.671	-66.166	-67.027	-68.304	-69.977	-71.962	-74.08	-76.163	-77.887	-79.065	-79.728	-80.179	-80.546
858	"Uruguay"	-136.618	-153.485	-157.174	-160.491	-163.169	-164.923	-165.626	-164.817	-162.339	-158.598	-154.197	-149.722	-145.875	-142.99	-140.993	-139.597	-138.459
862	"Venezuela (Bolivarian Republic of)"	-329.978	-337.414	-355.942	-374.554	-393.107	-411.18	-428.374	-444.101	-458.505	-471.882	-484.092	-494.295	-501.966	-507.846	-513.422	-518.738	-523.997
905	"NORTHERN AMERICA"	1368.414	-237.719	-1063.803	-1868.796	-2620.641	-3282.95	-3844.641	-4292.526	-4611.011	-4820.631	-4960.231	-5085.524	-5229.342	-5386.882	-5539.584	-5682.105	-5822.933
124	"Canada"	105.903	-320.781	-440.462	-557.545	-667.886	-767.016	-852.179	-922.72	-979.848	-1025.993	-1062.117	-1091.781	-1117.406	-1137.811	-1147.828	-1148.086	-1143.319
840	"United States of America"	466.697	-1194.884	-1989.939	-2758.484	-3469.706	-4090.128	-4604.72	-4999.535	-5277.374	-5472.182	-5614.155	-5744.554	-5899.055	-6081.424	-6275.621	-6466.548	-6657.91
909	"OCEANIA"	-266.703	-879.33	-1060.45	-1227.623	-1369.98	-1480.602	-1560.295	-1614.484	-1649.095	-1673.587	-1697.61	-1728.951	-1769.25	-1813.649	-1857.024	-1898.863	-1940.441
36	"Australia"	-203.997	-846.504	-1035.511	-1209.857	-1356.896	-1470.264	-1550.791	-1605.156	-1638.546	-1658.165	-1673.739	-1693.857	-1720.634	-1753.585	-1788.17	-1821.483	-1854.118
554	"New Zealand"	-176.143	-184.065	-184.683	-184.894	-184.789	-184.461	-184.343	-184.78	-185.861	-187.121	-188.542	-190.467	-192.407	-193.83	-194.445	-195.003	-196.051
242	"Fiji"	-81.765	-93.103	-92.908	-92.491	-91.867	-91.136	-90.475	-89.917	-89.415	-89.033	-88.861	-88.837	-89.004	-89.221	-89.202	-88.953	-88.595
540	"New Caledonia"	-8.779	-10.391	-11.364	-12.272	-13.079	-13.742	-14.251	-14.613	-14.826	-14.913	-14.948	-14.996	-15.108	-15.266	-15.437	-15.618	-15.81
598	"Papua New Guinea"	-74.773	-98.122	-120.257	-142.429	-164.247	-185.267	-204.915	-222.691	-238.595	-252.979	-266.044	-278.072	-289.392	-300.571	-311.742	-322.206	-332.202
90	"Solomon Islands"	-23.172	-27.823	-30.555	-33.228	-35.785	-38.193	-40.431	-42.499	-44.336	-45.895	-47.156	-48.172	-49.073	-49.921	-50.675	-51.315	-51.879
548	"Vanuatu"	-11.105	-13.112	-14.605	-16.12	-17.663	-19.191	-20.633	-21.955	-23.146	-24.232	-25.203	-26.053	-26.799	-27.486	-28.17	-28.904	-29.688
316	"Guam"	-9.261	-11.857	-12.785	-13.656	-14.385	-14.915	-15.207	-15.285	-15.25	-15.212	-15.251	-15.394	-15.629	-15.897	-16.139	-16.315	-16.422
296	"Kiribati"	-7.378	-8.595	-8.999	-9.413	-9.841	-10.301	-10.818	-11.37	-11.942	-12.522	-13.104	-13.692	-14.268	-14.837	-15.415	-16.024	-16.659
583	"Micronesia (Fed. States of)"	-16.158	-15.611	-16.836	-18.007	-19.095	-20.107	-21.076	-22.021	-22.917	-23.752	-24.588	-25.507	-26.559	-27.714	-28.885	-30.015	-31.048
258	"French Polynesia"	-14.761	-17.613	-17.994	-18.262	-18.321	-18.207	-18.035	-17.914	-17.897	-17.992	-18.188	-18.386	-18.499	-18.516	-18.49	-18.477	-18.489
882	"Samoa"	-23.5	-25.792	-26.289	-26.746	-27.117	-27.36	-27.445	-27.396	-27.288	-27.251	-27.386	-27.76	-28.449	-29.433	-30.574	-31.7	-32.788
776	"Tonga"	-16.986	-16.855	-16.685	-16.575	-16.57	-16.697	-16.95	-17.34	-17.944	-18.825	-20	-21.471	-23.218	-25.196	-27.321	-29.566	-31.869
