"country_code"	"name"	"2015-2020"	"2020-2025"	"2025-2030"	"2030-2035"	"2035-2040"	"2040-2045"	"2045-2050"	"2050-2055"	"2055-2060"	"2060-2065"	"2065-2070"	"2070-2075"	"2075-2080"	"2080-2085"	"2085-2090"	"2090-2095"	"2095-2100"
900	"WORLD"	0	0	0	0	0	0	0	0	0	0	0	0	0	0	0	0	0
903	"AFRICA"	-8639.122	-9750.602	-10756.841	-11760.319	-12769.307	-13786.435	-14812.207	-15852.236	-16916.029	-18011.485	-19146.681	-20323.832	-21523.931	-22715.85	-23896.246	-25076.368	-26267.428
108	"Burundi"	-552.942	-722.833	-848.29	-972.225	-1093.29	-1210.965	-1324.867	-1436.92	-1550.01	-1667.649	-1790.801	-1919.958	-2056.927	-2201.171	-2349.832	-2497.771	-2642.271
174	"Comoros"	-33.438	-40.244	-44.312	-48.263	-51.995	-55.494	-58.843	-62.133	-65.431	-68.682	-71.739	-74.585	-77.097	-79.13	-80.68	-81.825	-82.799
262	"Djibouti"	-161.336	-144.528	-155.289	-166.071	-176.714	-187.018	-196.36	-203.869	-209.582	-214.004	-217.093	-218.625	-218.688	-217.808	-216.365	-214.655	-212.537
232	"Eritrea"	-399.402	-443.624	-478.812	-514.994	-552.957	-592.653	-633.344	-675.484	-719.862	-764.72	-805.889	-840.608	-868.913	-891.761	-912.863	-933.89	-955.458
231	"Ethiopia"	-3299.779	-3851.672	-4337.918	-4816.687	-5288.892	-5759.118	-6229.221	-6694.559	-7152.751	-7577.097	-7953.581	-8285.308	-8576.833	-8842.289	-9083.067	-9297.549	-9502.801
404	"Kenya"	-418.127	-509.334	-592.576	-675.313	-756.393	-832.969	-902.47	-966.338	-1027.244	-1086.627	-1146.012	-1208.142	-1275.248	-1346.294	-1417.363	-1485.284	-1549.757
450	"Madagascar"	-161.068	-235.787	-289.532	-344.225	-401.285	-462.158	-527.792	-599.074	-676.232	-758.912	-846.224	-937.897	-1033.468	-1131.659	-1232.137	-1335.825	-1442.428
454	"Malawi"	-1346.289	-1512.353	-1773.732	-2040.008	-2315.862	-2602.653	-2900.837	-3212.295	-3540.985	-3880.801	-4227.339	-4580.511	-4941.797	-5311.725	-5686.129	-6067.452	-6454.26
480	"Mauritius"	-33.498	-42.345	-42.056	-41.656	-41.065	-40.247	-39.214	-38.002	-36.612	-35.056	-33.401	-31.701	-30.041	-28.487	-27.03	-25.612	-24.197
175	"Mayotte"	-14.716	-19.236	-21.193	-23.1	-24.911	-26.642	-28.355	-30.106	-31.904	-33.729	-35.593	-37.519	-39.526	-41.568	-43.535	-45.349	-47.011
508	"Mozambique"	-1601.668	-1827.893	-2090.393	-2356.206	-2624.553	-2899.999	-3185.314	-3478.547	-3779.63	-4094.912	-4423.141	-4769.496	-5138.144	-5515.412	-5882.691	-6226.061	-6558.063
638	"R~A(c)union"	-33.684	-31.55	-31.627	-31.618	-31.491	-31.281	-30.999	-30.629	-30.241	-29.911	-29.601	-29.265	-28.834	-28.267	-27.613	-26.909	-26.219
646	"Rwanda"	-1444.884	-1558.539	-1693.618	-1832.031	-1975.702	-2125.151	-2275.613	-2423.238	-2560.65	-2679.886	-2773.65	-2842.917	-2891.501	-2923.144	-2943.609	-2960.147	-2974.708
690	"Seychelles"	-4.675	-5.15	-5.162	-5.163	-5.146	-5.121	-5.092	-5.054	-5.005	-4.948	-4.891	-4.844	-4.81	-4.783	-4.759	-4.738	-4.717
706	"Somalia"	-2192.313	-2034.448	-2459.096	-2887.074	-3322.551	-3765.998	-4216.61	-4678.39	-5150.023	-5626.147	-6092.203	-6544.323	-6971.817	-7359.316	-7725.844	-8096.887	-8501.448
728	"South Sudan"	-834.817	-1452.654	-1686.16	-1912.092	-2124.218	-2320.793	-2501.196	-2670.528	-2835.973	-3008.489	-3194	-3391.134	-3601.596	-3827.176	-4065.197	-4305.64	-4545.656
800	"Uganda"	-876.981	-1043.143	-1232.213	-1422.395	-1613.433	-1801.092	-1980.515	-2152.43	-2321.28	-2490.844	-2662.079	-2832.906	-2998.28	-3152.584	-3296.889	-3430.896	-3553.04
834	"United Republic of Tanzania"	-850.705	-981.612	-1174.102	-1374.561	-1588.252	-1818.457	-2072.192	-2357.332	-2672.627	-3011.069	-3362.778	-3719.53	-4076.054	-4434.165	-4795.772	-5161.056	-5524.848
894	"Zambia"	-197.154	-229.317	-278.187	-326.908	-375.737	-425.012	-475.454	-528.431	-584.697	-643.898	-705.583	-768.398	-830.01	-887.974	-942.655	-995.259	-1047.539
716	"Zimbabwe"	-526.091	-608.86	-646.28	-683.555	-721.355	-760.667	-801.422	-842.918	-883.747	-921.468	-953.219	-977.724	-995.58	-1007.845	-1016.786	-1025.165	-1033.97
24	"Angola"	-740.064	-978.521	-1164.261	-1349.188	-1532.327	-1713.882	-1897.056	-2090.234	-2300.653	-2529.255	-2769.262	-3015.057	-3259.543	-3485.822	-3680.881	-3843.156	-3985.138
120	"Cameroon"	-221.753	-297.104	-352.662	-407.666	-461.308	-512.488	-560.277	-604.985	-647.827	-689.571	-730.141	-769.305	-806.351	-840.643	-872.065	-901.044	-928.797
140	"Central African Republic"	-74.543	-83.664	-90.385	-96.732	-102.427	-107.353	-111.492	-114.697	-116.895	-117.946	-117.746	-116.461	-114.542	-112.263	-109.84	-107.538	-105.438
148	"Chad"	-242.005	-402.148	-514.672	-625.216	-730.953	-829.828	-921.189	-1006.535	-1089.158	-1170.901	-1253.92	-1339.286	-1427.228	-1517.672	-1608.999	-1701.416	-1793.621
178	"Congo"	-88.008	-78.461	-88.938	-99.677	-110.586	-121.618	-132.613	-143.389	-154.132	-165.224	-177.095	-189.997	-203.923	-218.896	-234.756	-251.235	-267.841
180	"Democratic Republic of the Congo"	-1657.425	-2138.811	-2442.013	-2744.586	-3051.005	-3375.596	-3736.332	-4140.638	-4583.928	-5048.28	-5512.599	-5962.233	-6383.303	-6781.079	-7168.437	-7560.014	-7964.45
226	"Equatorial Guinea"	-145.787	-145.682	-157.86	-170.301	-183.591	-197.778	-212.734	-228.55	-244.485	-259.994	-275.067	-289.693	-303.751	-316.803	-327.903	-336.521	-343.732
266	"Gabon"	-11.542	-15.758	-18.257	-20.73	-23.242	-25.811	-28.416	-30.947	-33.265	-35.189	-36.661	-37.819	-38.921	-40.199	-41.693	-43.358	-45.093
678	"Sao Tome and Principe"	-16.385	-17.951	-19.352	-20.774	-22.224	-23.708	-25.192	-26.615	-27.957	-29.225	-30.475	-31.769	-33.186	-34.715	-36.284	-37.879	-39.494
12	"Algeria"	-637.851	-799.454	-847.018	-892.797	-934.784	-971.873	-1003.556	-1030.815	-1055.336	-1076.825	-1094.103	-1106.696	-1112.981	-1112.128	-1106.459	-1096.914	-1084.845
818	"Egypt"	-1110.061	-1430.821	-1597.804	-1764.944	-1932.511	-2101.173	-2266.383	-2420.338	-2555.358	-2667.916	-2760.732	-2840.639	-2916.489	-2995.941	-3082.012	-3172.495	-3264.82
434	"Libya"	-663.101	-612.177	-569.349	-526.595	-484.633	-444.478	-406.342	-370.831	-338.863	-311.271	-288.507	-270.966	-258.047	-248.855	-242.311	-237.088	-232.231
504	"Morocco"	-831.059	-1045.76	-1096.163	-1143.172	-1183.425	-1214.412	-1234.981	-1245.07	-1244.961	-1237.111	-1224.766	-1209.522	-1190.117	-1165.921	-1138.672	-1110.666	-1083.053
729	"Sudan"	-1822.589	-1918.36	-2061.786	-2203.929	-2344.15	-2483.458	-2625.869	-2770.97	-2917.41	-3065.877	-3213.739	-3353.215	-3483.731	-3613.612	-3752.707	-3906.319	-4068.478
788	"Tunisia"	-315.815	-379.389	-391.853	-403.308	-413.167	-421.714	-429.38	-435.536	-438.401	-437.352	-431.907	-422.777	-412.285	-401.929	-392.016	-382.797	-373.863
732	"Western Sahara"	-81.99	-103.847	-112.649	-121.455	-129.998	-137.737	-144.214	-149.549	-153.865	-157.001	-158.796	-159.508	-159.786	-159.734	-159.127	-157.849	-156.125
72	"Botswana"	-24.079	-50.281	-57.893	-65.089	-71.486	-76.846	-81.003	-83.964	-85.835	-86.903	-87.506	-87.846	-87.882	-87.481	-86.571	-85.119	-83.358
426	"Lesotho"	-67.458	-80.361	-85.003	-89.532	-93.886	-98.044	-101.949	-105.518	-108.789	-111.916	-115.095	-118.386	-121.665	-124.775	-127.627	-130.138	-132.295
516	"Namibia"	-110.122	-130.978	-141.715	-151.774	-160.473	-167.63	-173.402	-178.16	-182.373	-186.125	-189.257	-191.787	-194.114	-196.396	-198.444	-199.997	-201.353
710	"South Africa"	-266.857	-520.357	-555.212	-587.118	-612.112	-628.318	-638.772	-647.525	-656.713	-665.448	-671.382	-671.504	-663.762	-651.03	-638.689	-629.369	-622.035
748	"Swaziland"	-52.001	-56.89	-59.763	-62.607	-65.324	-67.72	-69.667	-71.179	-72.43	-73.542	-74.499	-75.257	-75.902	-76.546	-77.221	-77.936	-78.664
204	"Benin"	-177.573	-231.323	-259.338	-287.521	-315.758	-344.349	-372.858	-400.352	-427.594	-455.039	-482.366	-508.98	-534.556	-559.328	-583.588	-607.401	-630.597
854	"Burkina Faso"	-306.622	-420.263	-517.689	-615.8	-715.143	-817.085	-922.041	-1028.658	-1133.9	-1235.376	-1332.636	-1426.911	-1521.225	-1616.755	-1713.7	-1810.902	-1906.997
132	"Cabo Verde"	-52.577	-53.885	-54.447	-55.015	-55.612	-56.181	-56.638	-56.965	-57.143	-57.117	-56.821	-56.229	-55.442	-54.587	-53.681	-52.705	-51.679
384	"C~A'te d'Ivoire"	-478.096	-773.799	-977.988	-1178.668	-1371.066	-1551.42	-1716.668	-1865.857	-2001.635	-2125.163	-2236.333	-2333.068	-2416.068	-2487.855	-2548.554	-2599.077	-2643.159
270	"Gambia"	-123.734	-159.79	-188.675	-217.082	-244.658	-271.011	-295.873	-318.94	-339.912	-358.786	-375.474	-390.009	-402.341	-413.18	-423.808	-434.707	-445.944
288	"Ghana"	-1013.599	-1308.927	-1442.294	-1571.619	-1693.59	-1808.706	-1921.335	-2032.414	-2140.668	-2243.221	-2337.643	-2424.859	-2509.331	-2594.193	-2681.738	-2771.289	-2863.701
324	"Guinea"	-899.156	-1146.592	-1269.901	-1394.955	-1525.758	-1668.369	-1827.636	-1999.711	-2172.311	-2333.997	-2482.739	-2622.39	-2756.276	-2889.855	-3024.425	-3164.605	-3308.288
624	"Guinea-Bissau"	-51.112	-67.478	-76.824	-85.973	-94.682	-102.916	-110.846	-118.604	-126.154	-133.395	-140.264	-146.839	-153.077	-158.955	-164.579	-170.072	-175.558
430	"Liberia"	-616.165	-671.1	-774.494	-878.186	-980.695	-1079.196	-1173.72	-1266.69	-1360.54	-1459.927	-1566.621	-1676.628	-1787.464	-1895.421	-1998.45	-2093.982	-2182.388
466	"Mali"	-742.511	-887.54	-1038.946	-1190.631	-1342.729	-1494.317	-1642.587	-1785.652	-1922.987	-2058.293	-2196.913	-2343.26	-2500.277	-2665.716	-2835.682	-3008.418	-3181.801
478	"Mauritania"	-66.934	-82.44	-94.637	-106.802	-118.716	-130.027	-140.647	-150.657	-160.093	-169.184	-178.141	-187.339	-196.962	-207.248	-218.487	-230.539	-243.007
562	"Niger"	-279.637	-381.235	-516.941	-655.655	-800.78	-956.754	-1128.087	-1317.18	-1525.912	-1756.116	-2007.622	-2279.55	-2571.192	-2885.654	-3223.566	-3574.618	-3930.185
566	"Nigeria"	-2101.562	-2425.143	-2758.541	-3082.796	-3394.851	-3698.999	-4006.623	-4323.34	-4651.478	-4988.736	-5324.362	-5660.127	-6027.616	-6450.603	-6922.255	-7421.838	-7926.061
686	"Senegal"	-429.264	-543.348	-630.265	-718.144	-808.971	-906.814	-1013.929	-1130.218	-1253.402	-1381.316	-1512.461	-1643.647	-1768.728	-1883.337	-1987.999	-2086.991	-2184.36
694	"Sierra Leone"	-484.303	-537.307	-594.398	-652.303	-711.076	-769.569	-824.99	-874.674	-918.201	-957.73	-995.919	-1032.525	-1067.957	-1104.163	-1141.805	-1178.764	-1213.752
768	"Togo"	-365.934	-453.49	-505.687	-557.839	-609.263	-659.215	-707.286	-753.958	-799.369	-843.024	-884.471	-922.904	-958.227	-990.136	-1017.356	-1040.919	-1062.684
935	"ASIA"	-11361.686	-12239.004	-13122.449	-14021.79	-14939.868	-15851.238	-16726.483	-17549.036	-18313.64	-18996.451	-19590.136	-20108.79	-20568.178	-20989.991	-21410.164	-21845.557	-22269.679
156	"China"	-7838.087	-9140.286	-9761.799	-10330.799	-10791.85	-11113.58	-11310.403	-11404.987	-11426.582	-11409.715	-11363.994	-11289.23	-11189.409	-11062.638	-10913.357	-10741.096	-10549.399
344	"China, Hong Kong SAR"	-355.995	-433.493	-431.608	-428.624	-423.417	-414.532	-402.022	-387.146	-371.341	-356.27	-343.817	-334.748	-328.648	-324.179	-319.967	-315.119	-309.916
446	"China, Macao SAR"	-54.106	-68.937	-70.769	-72.646	-74.494	-76.023	-76.99	-77.27	-76.817	-75.621	-73.797	-71.799	-69.991	-68.56	-67.537	-66.774	-66.081
408	"Dem. People's Republic of Korea"	-131.062	-128.737	-133.001	-136.796	-139.706	-141.55	-142.424	-142.689	-142.917	-143.708	-145.176	-147.187	-149.579	-152.044	-154.38	-156.26	-157.725
392	"Japan"	-665.86	-809.524	-819.59	-829.071	-836.195	-838.746	-835.318	-825.638	-811.385	-794.329	-776.954	-761.287	-748.253	-738.411	-730.715	-723.891	-717.107
496	"Mongolia"	-68.38	-83.464	-87.649	-91.764	-95.765	-99.547	-102.892	-105.517	-107.33	-108.428	-109.051	-109.468	-109.916	-110.641	-111.647	-112.929	-114.289
410	"Republic of Korea"	-692.203	-880.497	-902.828	-924.002	-939.472	-947.83	-949.411	-942.549	-926.688	-900.886	-867.497	-831.366	-796.368	-764.74	-737.457	-714.434	-693.285
158	"Other non-specified areas"	-387.036	-460.618	-458.8	-455.596	-450.919	-443.754	-433.011	-418.192	-399.549	-377.841	-354.472	-330.759	-307.735	-286.095	-266.203	-247.261	-228.521
398	"Kazakhstan"	-689.24	-1059.16	-1138.256	-1212.102	-1274.296	-1319.191	-1345.459	-1356.913	-1358.341	-1356.284	-1355.306	-1358.882	-1370.171	-1389.543	-1413.788	-1440.621	-1468.286
417	"Kyrgyzstan"	-309.177	-349.439	-359.479	-369.939	-380.829	-391.772	-402.715	-413.533	-423.498	-432.505	-440.729	-447.516	-452.35	-456.138	-459.034	-461.08	-462.781
762	"Tajikistan"	-380.55	-451.445	-481.953	-511.972	-541.055	-568.859	-594.663	-618.431	-641.052	-662.644	-683.498	-704.217	-726.076	-749.331	-773.259	-797.249	-821.166
795	"Turkmenistan"	-124.621	-139.681	-145.26	-150.572	-155.506	-159.879	-163.189	-164.654	-164.22	-162.499	-160.311	-158.355	-157.075	-156.354	-155.752	-155.171	-154.609
860	"Uzbekistan"	-798.55	-1092	-1144.942	-1189.915	-1222.12	-1241.856	-1251.478	-1252.491	-1244.481	-1227.849	-1205.596	-1182.055	-1159.984	-1141.878	-1129.668	-1121.57	-1114.469
4	"Afghanistan"	-4112.324	-4968.425	-5484.721	-6002.919	-6498.971	-6932.622	-7271.243	-7519.076	-7678.968	-7764.372	-7785.863	-7749.073	-7655.866	-7509.184	-7333.311	-7167.106	-7022.388
50	"Bangladesh"	-4954.285	-5332.306	-5427.452	-5519.577	-5604.686	-5683.554	-5760.45	-5830.114	-5888.474	-5934.006	-5968.001	-5981.561	-5958.536	-5896.896	-5810.872	-5712.731	-5608.543
64	"Bhutan"	-55.101	-66.131	-68.162	-69.965	-71.291	-71.938	-71.912	-71.427	-70.574	-69.343	-67.99	-66.645	-65.498	-64.673	-64.123	-63.728	-63.392
356	"India"	-8186.227	-9280.882	-9960.951	-10634.058	-11295.258	-11931.8	-12547.23	-13140.474	-13713.921	-14276.18	-14827.695	-15352.935	-15821.154	-16187.559	-16445.855	-16608.667	-16703.179
364	"Iran (Islamic Republic of)"	-2467.887	-2604.795	-2614.462	-2630.557	-2653.912	-2679.046	-2699.417	-2708.682	-2700.354	-2678.387	-2654.69	-2633.752	-2605.172	-2559.847	-2497.488	-2421.521	-2338.293
462	"Maldives"	-7.399	-8.809	-9.112	-9.401	-9.656	-9.878	-10.081	-10.261	-10.412	-10.499	-10.498	-10.41	-10.244	-10.021	-9.755	-9.475	-9.188
524	"Nepal"	-848.2	-984.696	-1026.159	-1063.219	-1093.148	-1115.07	-1129.075	-1134.607	-1132.419	-1124.185	-1111.593	-1095.608	-1076.723	-1054.245	-1028.425	-1000.921	-972.693
586	"Pakistan"	-3081.583	-3605.1	-3942.36	-4276.883	-4597.434	-4883.589	-5117.27	-5294.982	-5426.612	-5527.131	-5611.085	-5681.883	-5725.294	-5728.784	-5695.248	-5641.49	-5580.042
144	"Sri Lanka"	-663.905	-686.838	-679.956	-672.307	-662.836	-651.223	-637.774	-622.943	-606.726	-589.064	-569.999	-550.689	-531.764	-513.459	-495.61	-478.135	-460.896
96	"Brunei Darussalam"	-9.494	-14.856	-16.236	-17.523	-18.629	-19.5	-20.076	-20.315	-20.201	-19.775	-19.128	-18.378	-17.665	-17.072	-16.591	-16.176	-15.781
116	"Cambodia"	-584.574	-659.327	-704.789	-748.285	-790.05	-828.586	-861.685	-889.315	-912.223	-930.145	-941.739	-946.978	-945.854	-938.376	-926.711	-914.034	-901.906
360	"Indonesia"	-2222.992	-2758.56	-2931.811	-3102.176	-3259.77	-3395.505	-3507.975	-3599.427	-3673.984	-3741.64	-3809.222	-3880.168	-3951.941	-4019.494	-4080.952	-4138.586	-4191.138
418	"Lao People's Democratic Republic"	-304.46	-329.344	-344.604	-360.427	-376.9	-393.192	-407.293	-418.483	-427.119	-433.132	-436.222	-436.311	-433.672	-429.445	-424.265	-418.206	-411.753
458	"Malaysia"	78.441	-78.19	-141.688	-203.358	-261.271	-313.866	-359.764	-397.999	-429.295	-455.148	-476.103	-492.523	-503.606	-508.544	-506.578	-499.815	-490.564
104	"Myanmar"	-1090.54	-1356.551	-1392.957	-1422.906	-1441.186	-1448.407	-1448.13	-1442.905	-1434.51	-1422.649	-1405.851	-1384.603	-1360.149	-1333.465	-1304.736	-1273.583	-1240.502
608	"Philippines"	-1702.825	-2089.482	-2231.649	-2370.325	-2498.542	-2608.69	-2699.021	-2771.117	-2831.855	-2887.613	-2939.214	-2984.949	-3021.778	-3052.048	-3080.592	-3108.625	-3136.938
702	"Singapore"	184.286	31.99	-24.928	-79.172	-128.133	-169.766	-202.559	-226.297	-241.958	-251.534	-257.018	-260.648	-264.049	-267.694	-271.488	-275.263	-279.229
764	"Thailand"	-831.768	-868.633	-866.541	-860.811	-849.82	-833.824	-812.319	-785.312	-754.909	-723.323	-692.715	-666.292	-644.777	-627.919	-614.38	-602.152	-590.027
626	"Timor-Leste"	-154.714	-154.686	-174.274	-193.739	-213.051	-232.237	-251.472	-270.801	-290.036	-309.199	-327.889	-345.833	-362.777	-378.419	-393.637	-409.157	-425.084
704	"Viet Nam"	-1116.647	-1480.485	-1542.146	-1600.784	-1652.433	-1695.181	-1726.16	-1744.131	-1750.37	-1747.559	-1738.494	-1724.246	-1706.205	-1686.053	-1666.599	-1649.357	-1632.966
51	"Armenia"	-168.633	-197.654	-194.347	-190.882	-186.682	-181.48	-175.745	-169.549	-162.803	-155.882	-149.431	-143.768	-139.164	-135.828	-133.505	-131.646	-129.64
31	"Azerbaijan"	-146.77	-183.704	-196.271	-208.039	-218	-224.786	-227.952	-228.252	-226.971	-225.21	-223.598	-222.341	-221.731	-222.093	-223.537	-225.833	-228.877
48	"Bahrain"	-148.979	-203.802	-205.122	-206.729	-208.832	-211.029	-212.327	-212.647	-212.27	-211.439	-210.43	-209.83	-210.495	-212.422	-215.455	-219.092	-223.005
196	"Cyprus"	-23.362	-47.949	-51.691	-55.152	-58.063	-60.097	-60.992	-60.831	-59.874	-58.331	-56.446	-54.36	-52.218	-50.26	-48.575	-47.038	-45.492
268	"Georgia"	-379.978	-355.816	-318.978	-283.479	-250.567	-221.184	-195.869	-174.804	-157.754	-144.191	-133.631	-125.352	-118.807	-113.883	-110.227	-107.324	-104.755
368	"Iraq"	-646.226	-1032.853	-1260.278	-1484.649	-1702.735	-1913.529	-2118.331	-2322.411	-2526.858	-2729.166	-2930.212	-3135.721	-3349.005	-3571.291	-3798.976	-4024.214	-4244.207
376	"Israel"	-335.502	-431.766	-466.202	-500.541	-534.163	-566.334	-597.258	-626.267	-652.71	-677.208	-700.327	-722.1	-743.116	-762.428	-777.855	-788.63	-795.719
400	"Jordan"	-914.908	-1052.116	-1131.528	-1209.241	-1283.44	-1356.676	-1430.753	-1502.754	-1567.511	-1623.249	-1671.146	-1711.435	-1737.519	-1743.436	-1732.644	-1712.945	-1692.44
414	"Kuwait"	-439.801	-666.411	-719.061	-767.507	-808.638	-844.932	-881.685	-921.664	-963.403	-1003.61	-1039.765	-1072.889	-1106.016	-1142.965	-1181.915	-1219.393	-1254.376
422	"Lebanon"	-208.667	-870.297	-896.173	-910.784	-911.107	-902.015	-889.207	-877.3	-869.424	-866.007	-865.891	-869.79	-879.223	-893.259	-909.503	-927.61	-946.005
512	"Oman"	259.735	-330.303	-504.101	-669.285	-820.761	-951.901	-1055.713	-1124.088	-1152.677	-1147.116	-1115.646	-1070.789	-1022.713	-979.39	-943.23	-914.329	-890.71
634	"Qatar"	-362.88	-487.121	-531.579	-574.775	-614.528	-651.984	-687.974	-722.897	-757.367	-791.06	-825.773	-861.874	-898.064	-930.434	-955.859	-974.599	-989.859
682	"Saudi Arabia"	-858.246	-1679.993	-1981.652	-2263.332	-2506.643	-2702.683	-2854.667	-2969.847	-3051.148	-3104.41	-3134.714	-3151.062	-3165.017	-3182.518	-3200.598	-3211.787	-3216.147
275	"State of Palestine"	-550.624	-633.671	-689.395	-746.116	-803.806	-861.647	-919.399	-977.668	-1037.288	-1095.315	-1147.696	-1195.479	-1241.295	-1290.357	-1344.318	-1402.963	-1464.3
760	"Syrian Arab Republic"	-3206.952	-1844.398	-1862.736	-1897	-1951.549	-2020.42	-2090.056	-2149.787	-2192.611	-2218.686	-2234.06	-2243.891	-2247.394	-2240.483	-2222.577	-2198.649	-2173.322
792	"Turkey"	230.879	-601.044	-783.054	-956.619	-1115.159	-1256.826	-1383.087	-1496.936	-1598.938	-1688.741	-1765.73	-1829.373	-1878.557	-1914.668	-1943.321	-1970.575	-1998.763
784	"United Arab Emirates"	-1816.063	-1885.172	-2093.85	-2297.467	-2489.306	-2662.112	-2813.974	-2952.545	-3088.581	-3232.343	-3383.132	-3535.767	-3696.378	-3858.072	-4010.209	-4144.846	-4265.14
887	"Yemen"	-1082.859	-1448.406	-1558.084	-1666.626	-1770.499	-1865.592	-1947.781	-2017.403	-2072.9	-2113.883	-2135.835	-2141.03	-2133.069	-2115.284	-2086.957	-2049.679	-2007.889
908	"EUROPE"	827.882	78.421	-67.742	-201.707	-312.782	-392.547	-439.034	-459.16	-465.266	-473.59	-492.513	-521.592	-550.553	-571.223	-579.656	-576.725	-568.822
112	"Belarus"	-19.77	-62.368	-67.578	-71.77	-74.271	-74.911	-74.023	-72.337	-70.61	-69.358	-68.816	-69.044	-69.717	-70.616	-71.663	-72.83	-74.116
100	"Bulgaria"	-157.194	-168.179	-160.933	-153.589	-146.272	-139.166	-132.302	-125.59	-119.057	-112.969	-107.647	-103.184	-99.602	-96.781	-94.477	-92.398	-90.316
203	"Czech Republic"	-115.288	-134.043	-133.485	-133.001	-132.771	-132.586	-132.158	-131.073	-128.972	-125.828	-122.188	-118.561	-115.251	-112.46	-110.253	-108.305	-106.402
348	"Hungary"	-111.751	-128.775	-128.889	-128.605	-127.743	-126.429	-124.413	-121.41	-117.606	-113.275	-108.632	-103.965	-99.551	-95.717	-92.583	-89.967	-87.47
616	"Poland"	-385.336	-431.154	-428.859	-425.254	-419.161	-410.048	-398.269	-384.775	-370.874	-357.403	-344.133	-331.431	-319.915	-309.81	-300.952	-293.029	-285.589
498	"Republic of Moldova"	-82.593	-113.319	-112.805	-111.984	-110.785	-109.089	-106.555	-102.92	-98.367	-93.316	-88.089	-82.868	-77.942	-73.373	-69.092	-64.963	-60.839
642	"Romania"	-589.792	-598.908	-564.588	-530.148	-495.663	-461.376	-427.603	-394.936	-364.429	-336.503	-311.118	-288.105	-267.259	-248.357	-231.204	-215.445	-200.406
643	"Russian Federation"	-347.61	-967.174	-1130.304	-1283.369	-1413.315	-1512.804	-1583.715	-1631.762	-1662.703	-1680.899	-1689.2	-1690.702	-1687.499	-1680.515	-1671.223	-1660.383	-1649.272
703	"Slovakia"	-52.89	-68.596	-68.394	-67.986	-67.222	-66.078	-64.575	-62.808	-60.84	-58.659	-56.279	-53.852	-51.57	-49.487	-47.572	-45.767	-43.989
804	"Ukraine"	-294.725	-367.529	-372.713	-376.559	-377.599	-375.165	-369.48	-361.67	-352.194	-341.217	-330.147	-319.851	-310.914	-304.121	-300.149	-298.699	-298.809
830	"Channel Islands"	0.572	-0.625	-0.847	-1.045	-1.212	-1.358	-1.491	-1.607	-1.705	-1.78	-1.829	-1.854	-1.856	-1.839	-1.814	-1.785	-1.754
208	"Denmark"	40.462	18.079	9.604	1.53	-5.848	-12.409	-18.245	-23.324	-27.695	-31.451	-34.544	-37.082	-39.43	-41.841	-44.446	-47.227	-50.169
233	"Estonia"	-49.655	-51.423	-50.606	-49.779	-48.84	-47.656	-46.179	-44.476	-42.772	-41.3	-40.125	-39.194	-38.443	-37.833	-37.296	-36.762	-36.174
246	"Finland"	-11.46	-52.728	-60.407	-67.571	-73.665	-78.195	-81.132	-82.972	-84.356	-85.692	-87.196	-88.803	-90.406	-92.078	-93.9	-95.948	-98.16
352	"Iceland"	-5.182	-6.278	-6.557	-6.812	-7.023	-7.16	-7.209	-7.17	-7.068	-6.932	-6.785	-6.667	-6.6	-6.561	-6.518	-6.466	-6.414
372	"Ireland"	-270.607	-275.023	-268.801	-262.461	-255.907	-249.254	-242.66	-236.465	-230.927	-226.212	-222.568	-220.319	-219.759	-220.885	-223.324	-226.824	-230.899
428	"Latvia"	-104.79	-101.208	-94.248	-87.34	-80.578	-74.057	-67.958	-62.535	-57.932	-54.12	-51.022	-48.599	-46.758	-45.381	-44.303	-43.381	-42.562
440	"Lithuania"	-184.461	-167.237	-150.661	-134.504	-119.155	-105.057	-92.546	-81.821	-72.948	-65.827	-60.192	-55.741	-52.144	-49.17	-46.668	-44.495	-42.464
578	"Norway"	174.364	127.172	108.244	89.674	71.804	54.551	37.802	21.617	6.083	-8.684	-22.374	-34.474	-44.431	-52.405	-58.762	-63.881	-68.363
752	"Sweden"	94.822	32.272	13.804	-4.121	-20.832	-35.777	-48.769	-60.009	-69.809	-78.805	-87.358	-95.646	-103.406	-110.981	-118.787	-127.084	-135.806
826	"United Kingdom"	268.819	-10.551	-101.628	-188.308	-266.023	-334	-394.363	-448.107	-494.871	-534.821	-570.45	-604.891	-640.569	-678.298	-717.174	-755.126	-791.96
8	"Albania"	-226.29	-229.819	-219.689	-209.91	-200.9	-192.817	-185.869	-179.995	-175.141	-171.212	-168.17	-165.904	-164.084	-162.272	-160.392	-158.371	-156.191
70	"Bosnia and Herzegovina"	-241.993	-261.832	-247.402	-232.913	-218.625	-204.908	-191.954	-179.728	-168.433	-158.258	-149.009	-140.67	-133.206	-126.208	-119.237	-112.154	-105.099
191	"Croatia"	-91.434	-101.23	-98.928	-96.396	-93.587	-90.741	-88.078	-85.551	-82.88	-79.87	-76.705	-73.576	-70.51	-67.584	-64.829	-62.282	-59.857
300	"Greece"	-321.746	-322.776	-314.902	-305.932	-294.797	-280.99	-264.744	-247.318	-230.289	-215.019	-202.351	-192.503	-185.246	-180.249	-176.868	-174.04	-171.361
380	"Italy"	-292.136	-567.869	-619.785	-665.836	-701.411	-724.513	-735.802	-737.014	-732.129	-725.104	-717.67	-709.866	-700.411	-689.792	-677.815	-663.543	-648.419
470	"Malta"	-2.392	-6.355	-7.201	-8.003	-8.702	-9.256	-9.638	-9.839	-9.881	-9.811	-9.694	-9.592	-9.53	-9.493	-9.441	-9.352	-9.235
499	"Montenegro"	-32.499	-33.636	-32.653	-31.665	-30.637	-29.528	-28.322	-27.042	-25.765	-24.503	-23.259	-22.083	-20.971	-19.854	-18.724	-17.592	-16.456
620	"Portugal"	-473.107	-478.458	-461.942	-445.252	-427.93	-408.851	-387.375	-364.48	-341.86	-320.426	-300.978	-284.31	-270.778	-259.329	-248.804	-238.758	-228.949
688	"Serbia"	-293.059	-289.997	-280.156	-270.188	-260.052	-250.16	-241.231	-233.019	-225.003	-216.718	-208.335	-200.503	-193.557	-187.537	-182.234	-177.293	-172.291
705	"Slovenia"	-31.953	-37.239	-37.351	-37.358	-37.203	-36.963	-36.738	-36.52	-36.207	-35.778	-35.24	-34.618	-33.92	-33.209	-32.573	-31.98	-31.373
724	"Spain"	-1613.734	-1616.413	-1578.402	-1536.869	-1490.307	-1437.153	-1373.14	-1300.899	-1228.4	-1163.266	-1110.697	-1070.578	-1037.532	-1004.834	-971.274	-936.972	-903.408
807	"TFYR Macedonia"	-79.99	-88.43	-86.39	-84.251	-82.035	-79.714	-77.257	-74.611	-71.758	-68.768	-65.726	-62.624	-59.531	-56.578	-53.709	-50.835	-47.902
40	"Austria"	11.442	-26.419	-36.566	-45.87	-53.925	-60.499	-65.638	-69.78	-73.365	-76.478	-78.995	-80.658	-81.017	-79.628	-76.529	-72.495	-68.116
56	"Belgium"	137.86	63.687	38.432	13.94	-8.95	-29.545	-47.242	-61.849	-73.51	-82.724	-90.216	-96.758	-103.224	-110.241	-118.043	-126.379	-134.817
250	"France"	-367.814	-489.395	-525.561	-559.03	-588.959	-614.798	-637.319	-660.397	-688.289	-723.566	-764.382	-803.929	-832.691	-844.239	-841.49	-829.544	-811.951
276	"Germany"	-426.08	-776.645	-813.051	-848.728	-880.696	-906.304	-923.452	-933.847	-938.879	-936.049	-924.474	-905.664	-881.318	-854.331	-828.749	-806.162	-785.494
442	"Luxembourg"	27.489	14.438	8.653	2.966	-2.47	-7.511	-12.071	-16.16	-19.817	-23.044	-25.897	-28.48	-30.99	-33.558	-36.191	-38.827	-41.455
528	"Netherlands"	8.783	-16.927	-25.665	-34.464	-43.042	-50.89	-57.334	-61.786	-64.347	-65.574	-66.319	-67.449	-69.007	-70.762	-72.838	-75.213	-77.687
756	"Switzerland"	59.262	-92.887	-128.553	-161.038	-187.879	-208.308	-223.348	-234.78	-244.065	-251.765	-258.072	-262.76	-265.319	-265.317	-263.064	-259.548	-255.268
904	"LATIN AMERICA AND THE CARIBBEAN"	-4891.534	-5866.07	-6206.102	-6527.691	-6813.099	-7045.339	-7215.786	-7326.446	-7383.369	-7389.332	-7351.335	-7281.885	-7198.211	-7119.649	-7052.847	-6991.201	-6930.28
28	"Antigua and Barbuda"	-7.234	-8.585	-8.569	-8.548	-8.511	-8.452	-8.385	-8.322	-8.262	-8.209	-8.169	-8.15	-8.17	-8.232	-8.317	-8.395	-8.459
533	"Aruba"	-11.977	-12.857	-12.354	-11.872	-11.454	-11.111	-10.812	-10.541	-10.305	-10.099	-9.937	-9.829	-9.739	-9.648	-9.562	-9.512	-9.494
44	"Bahamas"	-14.01	-21.612	-23.519	-25.237	-26.583	-27.415	-27.76	-27.791	-27.694	-27.594	-27.515	-27.392	-27.238	-27.116	-27.017	-26.934	-26.922
52	"Barbados"	-4.987	-8.254	-8.773	-9.245	-9.631	-9.915	-10.09	-10.168	-10.177	-10.147	-10.085	-9.987	-9.863	-9.708	-9.521	-9.298	-9.048
192	"Cuba"	-274.348	-297.599	-293.745	-289.342	-283.683	-276.101	-266.419	-254.911	-242.401	-229.575	-217.111	-205.412	-194.525	-184.271	-174.659	-165.55	-156.709
531	"Cura~ASSao"	-9.73	-13.805	-14.109	-14.323	-14.373	-14.275	-14.106	-13.948	-13.852	-13.832	-13.863	-13.918	-13.982	-14.042	-14.111	-14.193	-14.301
214	"Dominican Republic"	-234.015	-269.882	-279.8	-289.381	-298.189	-305.767	-311.733	-316.173	-319.247	-321.168	-321.919	-321.531	-319.958	-317.308	-313.9	-309.934	-305.627
308	"Grenada"	-12.247	-11.909	-11.603	-11.305	-11.042	-10.837	-10.684	-10.572	-10.489	-10.43	-10.383	-10.329	-10.242	-10.1	-9.912	-9.719	-9.538
312	"Guadeloupe"	-23.303	-25.327	-25.744	-26.113	-26.383	-26.534	-26.586	-26.583	-26.557	-26.491	-26.367	-26.138	-25.809	-25.426	-25.016	-24.603	-24.177
332	"Haiti"	-239.036	-278.643	-296.363	-313.275	-328.669	-342.101	-353.295	-362.295	-369.413	-374.653	-378.116	-380.072	-380.973	-381.417	-381.833	-382.065	-381.967
388	"Jamaica"	-184.699	-216.431	-211.095	-205.253	-198.39	-190.347	-181.544	-172.543	-163.778	-155.563	-147.99	-141.074	-134.64	-128.777	-123.637	-119.213	-115.132
474	"Martinique"	-18.035	-20.869	-20.402	-19.875	-19.265	-18.567	-17.791	-16.973	-16.191	-15.518	-14.988	-14.599	-14.324	-14.126	-13.978	-13.854	-13.743
630	"Puerto Rico"	-156.231	-156.618	-148.387	-140.515	-133.24	-126.69	-120.842	-115.428	-110.219	-105.117	-100.292	-95.948	-92.042	-88.333	-84.744	-81.242	-77.804
662	"Saint Lucia"	-5.535	-8.055	-8.441	-8.793	-9.07	-9.224	-9.224	-9.071	-8.795	-8.444	-8.073	-7.722	-7.395	-7.095	-6.815	-6.543	-6.269
670	"Saint Vincent and the Grenadines"	-7.207	-7.915	-7.621	-7.306	-6.946	-6.523	-6.033	-5.488	-4.906	-4.311	-3.732	-3.193	-2.706	-2.264	-1.852	-1.459	-1.073
780	"Trinidad and Tobago"	-48.311	-59.534	-59.187	-58.589	-57.497	-55.798	-53.64	-51.219	-48.717	-46.23	-43.875	-41.742	-39.889	-38.407	-37.294	-36.411	-35.611
850	"United States Virgin Islands"	-14.03	-14.009	-14.04	-14.084	-14.164	-14.275	-14.372	-14.456	-14.548	-14.617	-14.615	-14.525	-14.364	-14.224	-14.181	-14.295	-14.549
84	"Belize"	-15.733	-23.755	-25.801	-27.723	-29.397	-30.75	-31.773	-32.478	-32.86	-32.986	-32.983	-32.906	-32.746	-32.488	-32.101	-31.581	-30.974
188	"Costa Rica"	-20.539	-29.029	-35.007	-40.848	-46.316	-51.077	-54.813	-57.508	-59.369	-60.567	-61.172	-61.17	-60.411	-58.893	-56.797	-54.44	-52.024
222	"El Salvador"	-321.541	-345.974	-343.583	-340.107	-334.497	-326.337	-315.571	-302.554	-287.859	-272.058	-255.634	-239.046	-222.692	-206.638	-190.553	-174.387	-158.2
320	"Guatemala"	-326.894	-434.786	-488.413	-541.45	-593.454	-643.363	-689.454	-729.633	-762.356	-786.637	-803.069	-813.063	-818.887	-822.866	-826.737	-830.315	-833.126
340	"Honduras"	-228.198	-260.548	-277.82	-293.806	-307.144	-317.044	-323.046	-325.591	-325.664	-324.378	-322.265	-319.171	-314.407	-307.63	-299.467	-290.473	-281.21
484	"Mexico"	-2583.705	-3245.945	-3419.976	-3584.44	-3732.964	-3856.108	-3946.605	-4001.749	-4021.048	-4006.803	-3964.9	-3900.578	-3821.522	-3732.292	-3634.368	-3533.406	-3431.714
558	"Nicaragua"	-207.456	-231.073	-239.97	-248.23	-255.072	-259.836	-261.986	-261.294	-257.848	-252.076	-244.498	-235.566	-225.512	-214.425	-202.413	-189.634	-176.478
591	"Panama"	4.839	-5.571	-10.661	-15.607	-20.411	-24.987	-29.168	-32.865	-36.125	-39.004	-41.531	-43.888	-46.198	-48.561	-51.028	-53.545	-56.081
32	"Argentina"	-368.208	-442.186	-469.571	-496.632	-522.53	-546.745	-569.634	-591.725	-612.335	-630.639	-646.321	-658.771	-667.572	-673.214	-677.601	-681.798	-685.943
68	"Bolivia (Plurinational State of)"	-147.779	-188.373	-209.658	-230.316	-249.712	-267.324	-282.982	-296.871	-309.105	-319.87	-328.941	-336.462	-343.026	-349.135	-354.848	-360.119	-365.142
76	"Brazil"	-1061.873	-1455.03	-1588.915	-1715.817	-1825.372	-1911.266	-1974.662	-2022.705	-2059.048	-2086.595	-2105.136	-2116.246	-2121.938	-2123.13	-2120.13	-2109.029	-2091.183
152	"Chile"	94.979	34.679	8.004	-17.966	-42.089	-63.214	-80.954	-95.884	-108.666	-119.736	-129.211	-137.432	-144.753	-151.592	-158.193	-164.374	-170.257
170	"Colombia"	-409.918	-574.313	-619.852	-662.284	-698.628	-727.532	-748.746	-762.708	-770.409	-772.724	-770.065	-763.113	-752.413	-739.415	-725.457	-711.018	-695.923
218	"Ecuador"	-140.603	-184.042	-205.627	-226.392	-245.741	-263.404	-279.249	-293.101	-304.634	-313.982	-321.087	-326.572	-331.466	-336.214	-340.966	-346.015	-351.566
254	"French Guiana"	-17.976	-27.217	-30.962	-34.601	-38.066	-41.315	-44.404	-47.421	-50.458	-53.587	-57.056	-60.984	-65.209	-69.635	-74.3	-79.128	-84.123
328	"Guyana"	-68.986	-74.735	-72.709	-70.497	-68.073	-65.624	-63.339	-61.236	-59.419	-58.049	-57.197	-56.9	-57.135	-57.748	-58.536	-59.341	-60.058
600	"Paraguay"	-137.558	-154.97	-161.403	-167.504	-172.92	-177.483	-181.098	-183.752	-185.511	-186.579	-187.06	-187.083	-186.647	-185.751	-184.699	-183.57	-182.355
604	"Peru"	-526.169	-674.508	-721.577	-766.215	-805.863	-838.976	-864.813	-882.749	-893.299	-898.15	-899.56	-899.16	-897.683	-895.265	-892.736	-889.609	-885.575
740	"Suriname"	-36.768	-43.868	-44.258	-44.534	-44.579	-44.379	-43.992	-43.469	-42.921	-42.407	-41.925	-41.393	-40.842	-40.217	-39.527	-38.857	-38.27
858	"Uruguay"	-99.539	-111.785	-111.785	-111.754	-111.649	-111.58	-111.557	-111.525	-111.309	-110.605	-109.252	-107.133	-104.283	-101.075	-97.738	-94.525	-91.357
862	"Venezuela (Bolivarian Republic of)"	-220.75	-213.536	-227.404	-241.447	-255.68	-269.414	-281.516	-291.846	-300.529	-307.063	-311.77	-315.148	-318.098	-321.793	-326.655	-332.609	-339.259
905	"NORTHERN AMERICA"	2917.475	1634.228	1215.065	811.458	442.623	112.441	-186.983	-461.415	-714.572	-950.735	-1171.011	-1367.304	-1531.471	-1665.306	-1781.343	-1886.846	-1985.592
124	"Canada"	504.623	157.373	57.82	-37.421	-124.137	-199.181	-262.197	-313.363	-352.181	-377.745	-390.798	-392.068	-384.508	-372.845	-360.86	-349.948	-339.12
840	"United States of America"	2026.959	781.815	393.77	19.063	-326.041	-634.476	-914.56	-1171.857	-1408.969	-1631.443	-1841.286	-2038.614	-2220.738	-2388.002	-2545.501	-2688.709	-2814.648
909	"OCEANIA"	158.377	-287.926	-417.506	-539.72	-647.251	-736.807	-807.81	-862.826	-903.083	-929.923	-945.29	-952.53	-955.013	-955.164	-953.9	-951.562	-947.339
36	"Australia"	200.625	-258.143	-394.595	-521.295	-629.761	-718.061	-787.218	-839.517	-876.724	-901.516	-916.545	-924.195	-926.987	-928	-930.006	-934.241	-938.707
554	"New Zealand"	-93.279	-98.83	-101.32	-103.401	-104.798	-105.568	-105.81	-105.573	-104.931	-103.903	-102.797	-101.997	-101.756	-102.239	-103.605	-105.572	-107.777
242	"Fiji"	-60.965	-64.658	-64.51	-64.203	-63.627	-62.823	-61.897	-61.007	-60.272	-59.686	-59.071	-58.207	-57.058	-55.723	-54.238	-52.59	-50.817
540	"New Caledonia"	-4.242	-5.707	-6.034	-6.324	-6.541	-6.681	-6.777	-6.867	-6.961	-7.04	-7.094	-7.121	-7.123	-7.091	-7.014	-6.893	-6.76
598	"Papua New Guinea"	-48.914	-63.422	-76.007	-88.541	-100.717	-112.175	-122.553	-131.658	-139.85	-147.63	-155.264	-162.97	-170.876	-178.761	-186.684	-194.701	-202.741
90	"Solomon Islands"	-19.285	-22.191	-24.103	-25.974	-27.764	-29.459	-31.045	-32.531	-33.932	-35.252	-36.439	-37.425	-38.16	-38.649	-38.934	-39.061	-39.09
548	"Vanuatu"	-7.386	-8.693	-9.587	-10.463	-11.308	-12.118	-12.894	-13.638	-14.347	-15.027	-15.689	-16.327	-16.922	-17.491	-18.023	-18.502	-18.96
316	"Guam"	-6.376	-8.308	-8.681	-9.027	-9.323	-9.58	-9.8	-9.964	-10.043	-10.039	-9.97	-9.863	-9.731	-9.566	-9.353	-9.098	-8.824
296	"Kiribati"	-5.562	-6.409	-6.849	-7.268	-7.651	-7.99	-8.286	-8.551	-8.8	-9.038	-9.259	-9.468	-9.678	-9.901	-10.154	-10.433	-10.721
583	"Micronesia (Fed. States of)"	-12.971	-11.764	-12.021	-12.224	-12.365	-12.483	-12.623	-12.802	-13.008	-13.216	-13.399	-13.539	-13.652	-13.758	-13.886	-14.038	-14.188
258	"French Polynesia"	-9.292	-10.089	-10.225	-10.364	-10.514	-10.658	-10.772	-10.825	-10.796	-10.692	-10.557	-10.441	-10.365	-10.329	-10.306	-10.279	-10.242
882	"Samoa"	-19.605	-21.619	-21.555	-21.459	-21.294	-21.045	-20.723	-20.346	-19.938	-19.54	-19.178	-18.845	-18.544	-18.263	-17.983	-17.685	-17.362
776	"Tonga"	-13.821	-13.796	-13.107	-12.47	-11.926	-11.508	-11.242	-11.131	-11.156	-11.298	-11.531	-11.805	-12.091	-12.353	-12.551	-12.673	-12.761
