"country_code"	"name"	"1950-1955"	"1955-1960"	"1960-1965"	"1965-1970"	"1970-1975"	"1975-1980"	"1980-1985"	"1985-1990"	"1990-1995"	"1995-2000"	"2000-2005"	"2005-2010"	"2010-2015"
900	"WORLD"	-0.00199999999972533	4.2632564145606e-13	-4.54747350886464e-13	0.00100000000156797	0.00100000000384171	-0.00100000000020373	9.09494701772928e-13	-0.00199999999949796	-3.63797880709171e-12	1.81898940354586e-12	-0.00299999999879219	-0.00100000000020373	-3.63797880709171e-12
903	"AFRICA"	-581.412	-571.699	-931.805	-978.564	-2269.813	-2026.376	-2098.63	-1846.882	337.499	-2534.411	-1580.68	-1813.334	-2899.795
108	"Burundi"	-69.947	-70.048	-84.989	-57.9	-260.594	-150.288	-86.002	-44.32	-250	-404.999	112.532	163.733	40
174	"Comoros"	0	-6.116	-8.491	-5.5	-5.5	10	-4.5	-4.5	-3	-6	-10	-10	-10
262	"Djibouti"	0.999	5	18	25	34.997	91.193	9.999	89.998	-15	-16.501	-18.151	-19.965	-15.996
232	"Eritrea"	0.997	3	6.997	4.999	10	10	10	-40	-400.002	-70	110.001	-160.001	-160.001
231	"Ethiopia"	-19.999	-20	-19.999	-42.182	-59.597	-2024.797	250.001	780.074	1445.274	-155.577	-83.182	-50.132	-60.001
404	"Kenya"	0	0	-20	-19.535	-17.915	-2.93	3.805	5.023	221.569	-21.386	25.144	-189.33	-50
450	"Madagascar"	0	0	0	-8	-19	-30	-8	-8	-7	-6	-5	-5	-5
454	"Malawi"	-33.348	-42.873	-61.928	-61.928	-52.404	-33.348	-28.605	913.937	-899.584	-36.82	-36.82	-36.82	-30
480	"Mauritius"	2.662	-8.097	-30.869	-29.156	-20.463	-20.617	-21.632	-35.977	-5.611	-8.858	-19.372	-12.079	0
175	"Mayotte"	2.619	2.459	2.314	0.454	0.496	-0.987	3.794	6.055	10.734	4.664	0.2	-2	-1.5
508	"Mozambique"	-23.5	-23.5	-23.5	-23.5	-23.5	87.373	-373.366	-1300	650	-50	37.504	-50	-25
638	"R~A(c)union"	2.545	-3.943	-2.436	12.306	-23.731	-18.024	3.09	-1.996	9.589	9.746	-0.89	-12.422	-12.561
646	"Rwanda"	0	0	-140.001	20	-20	-20	-50.002	29.999	-1347.866	1210.134	-72.601	-75.001	-75.001
690	"Seychelles"	-1.882	-2.168	-0.851	-0.998	0.23	-0.2	-3.099	-5.295	0.625	-0.135	2.513	-1.111	-1.551
706	"Somalia"	0	-1.04	-1.046	1.489	-0.006	1587.565	-832.045	-632.286	-893.365	-100.004	-200	-350	-400
728	"South Sudan"	0	0	0	0	25	60	150	-405	-1076	400	432	785	865
800	"Uganda"	0	0	125.2	53.33	-240.53	-166.66	-115.34	233.366	119.995	-45.737	-5	-135	-150
834	"United Republic of Tanzania"	0	0	26.997	36.024	118.989	-22.25	37.181	68.208	591.285	-205.874	-295.952	-265.317	-199.999
894	"Zambia"	0	0	2.5	-4.245	26.662	17.573	58.483	2.822	-22.952	79.445	-93.014	-124.044	-34.49
716	"Zimbabwe"	-3	-4.997	-10.001	-27.996	-30.36	-101.516	141.524	120.505	-191.803	-200	-395.554	-307.65	-219.922
24	"Angola"	0	-75	-135	-201.155	-80.955	11.455	234.149	-150.282	142.811	-126.701	172.594	85.286	102.322
120	"Cameroon"	0	0	0	-1	-2.5	-8	-55	-65	-80	-80	-90	-90	-60
140	"Central African Republic"	0	0	11.93	13.145	-20.075	-1	40.165	-40.982	37.392	11.293	-45	5	10
148	"Chad"	0	-2.5	-5	-40.95	-49.05	-175.5	-131.245	1.418	-10.374	69.444	218.966	70	100
178	"Congo"	0	0	0	0.5	6.945	-7.408	2.097	1.915	15.531	35.3	-13.257	49.872	-60
180	"Democratic Republic of the Congo"	0	75	122.65	241.91	27.45	100.685	-446.86	74.515	1202.404	-1006.384	-241.564	-43.426	-95.92
226	"Equatorial Guinea"	0	0	0	0	-70	-30	65	15	15	20	25	20	20
266	"Gabon"	2.999	2.999	9.41	16.188	2.999	4.999	4.999	4.999	4.999	9.566	9.566	9.566	5
678	"Sao Tome and Principe"	-9.139	-3.478	-9.152	-0.744	-2.509	-1.221	-5.999	-5.999	-5.599	-8.293	-5.599	-5.599	-5.599
12	"Algeria"	-310.417	-191.853	-284.266	-121.335	-247.822	-224.833	-81.02	-93.302	-128.679	-164.413	-205.228	-357.34	-143.268
818	"Egypt"	-50.1	-50.1	-50.1	-239.7	-546.796	-563.569	-389.781	-205.428	-452.508	-204.143	-67.708	-279.228	-215.681
434	"Libya"	0	46.022	45.891	48.002	58.665	57.534	113.38	5.49	3.965	8.736	-11.679	-82.008	-501.692
504	"Morocco"	0	-13.001	-240.922	-477.753	-497.677	-293.328	-320.659	-418.575	-466.627	-559.38	-694.821	-577.912	-310.624
729	"Sudan"	0	0	0	0	20	180	220	150	1350	-490	-430	-500	-800
788	"Tunisia"	-18.667	-192.419	-142.495	-96.523	-97.065	-72.068	85.582	48.999	140.341	-36.804	-139.045	-32.941	-32.941
732	"Western Sahara"	5.6	8.3	12.5	17.15	-11.18	60.8	10.2	10.7	10.4	26.65	90	47.5	23.762
72	"Botswana"	-5	-20	-15	-6.02	2.326	14.845	0.601	5.803	17.864	24.546	21.278	18.73	20
426	"Lesotho"	-20	-26	-25	-22.4	-24.048	-6.538	-25.76	-62.682	-46.345	-74.427	-34.493	-24.418	-19.998
516	"Namibia"	0	0	0	-0.87	-2.825	-44.585	-29.139	74.791	23.492	35.497	-50	-50	-1.371
710	"South Africa"	-6.818	13.48	115.21	200.939	231.569	73.316	175.112	-133.363	804.595	158.911	1072.076	1402.64	600
748	"Swaziland"	-2.755	-1.979	-9.908	-9.472	-7.872	-9.472	-14.496	17.149	-38.243	-12	-46.077	-6	-6
204	"Benin"	-23.001	-23.001	-24.295	-23.742	-24.845	-19.393	-10.848	-8.723	105	-29.287	98.831	50	-10
854	"Burkina Faso"	-102.159	-102.159	-144.723	-144.723	-170.263	-217.4	-217.4	-183.699	-150.001	-137.499	-125	-125	-125
132	"Cabo Verde"	-5.926	-22.773	-1.167	4.267	-34.907	-27.982	-20.313	-27.757	-6.376	-2.438	-9.859	-25.866	-11.052
384	"C~A'te d'Ivoire"	69.38	99.919	200	300	400	420	430	325	375	180	-370	-220	50
270	"Gambia"	16.913	36.375	-3.232	0.118	9.392	-3.38	19.475	48.392	-14.801	-26.418	-13.742	-13.742	-13.476
288	"Ghana"	72.001	142.002	0	-361.999	-164.002	-563.999	206.001	-30.003	-16.285	-112.636	165.518	189.259	-49.999
324	"Guinea"	-0.007	-9.929	-13.857	-18	-275	-353	-38	162.45	800	-246.148	-368.004	-55.577	-10
624	"Guinea-Bissau"	-10.001	-9.983	-20	-7.23	-15	-28	-30	-28	-30	-30	-30	-25	-10
430	"Liberia"	-0.013	7.983	7.996	11.013	10.996	11.949	0	-400	-300	450	-50	175.585	-20
466	"Mali"	-35.031	-49.07	-70.243	-98.235	-95.585	-174.998	-218.064	-480.652	-173.489	-141.95	-67.11	-100.823	-302.449
478	"Mauritania"	-1.3	-1.6	-1.82	-2.76	-5.95	-9.7	-16.1	-30.3	-14.7	9.9	30	-20	-20
562	"Niger"	5.001	-25.124	-11.545	-11.545	-13.763	-18.138	-92.946	-91.917	-2.679	24.056	-28.497	-28.497	-28.497
566	"Nigeria"	3.368	2.706	1.021	-43.347	-38.526	854.649	-671.64	-91.407	-95.769	-95.027	-170	-300	-300
686	"Senegal"	33.033	44.046	50.002	86.522	65.586	-134.783	-85.108	-60.291	-70.008	-209.864	-151.131	-166.051	-99.996
694	"Sierra Leone"	0	0	0	0	0	0	0	62.745	-450	-150	500	60	-21
768	"Togo"	-46.919	-57.336	-77.885	138.923	-49.999	-100	50.001	-20	-95.003	-30	-9.994	-9.994	-9.994
935	"ASIA"	75.042	1297.938	403.098	363.097	-1439.12	-1272.631	-173.928000000001	-2364.892	-8454.466	-6281.717	-7911.539	-11368.746	-6280.663
156	"China"	-165.685	-8.163	-1058.832	-12.737	-1113.125	-428.313	-258.072	-154.256	-823.657	-507	-2144.051	-2202.103	-1800
344	"China, Hong Kong SAR"	166.179	177.334	224.481	-177.802	66.508	401.993	82.471	160.164	155.84	550.81	-41.256	44.716	150
446	"China, Macao SAR"	-37.334	-31.955	19.802	36.083	-7.003	-6.011	32.747	37.411	18.844	20.203	29.866	56.322	35
408	"Dem. People's Republic of Korea"	-568.413	0	0	0	0	0	0	0	0	0	0	0	0
392	"Japan"	54.786	-468.485	209.163	878.29	457.099	45.014	212.063	-628.168	451.392	16.977	622.058	445.267	350
496	"Mongolia"	0	0	0	0	0	0	0	0	-88.432	-52.463	-15.001	-15.001	-15.001
410	"Republic of Korea"	1.352	439.714	-281.388	-389.118	-449.729	-165.179	317.043	434.981	-633.048	-293.082	229.017	404.715	300
158	"Other non-specified areas"	19.537	-0.755	266.926	469.982	-25.323	167.101	-61.359	-199.733	-176.611	-178.713	110.4	47.652	0
398	"Kazakhstan"	565.765	979.937	691.681	173.343	-55.461	-313.63	-398.259	-656.091	-1511.745	-1324.984	44.53	-35.196	159.807
417	"Kyrgyzstan"	7.016	56.871	116.848	110.071	34.14	17.954	-39.988	-120.2	-271.59	-32.705	-172.911	-76.604	-113.963
762	"Tajikistan"	-16.696	-24.371	77.739	34.64	28.954	-5.749	-21.87	-37.962	-289.263	-324.793	-96.542	-65.435	-117.382
795	"Turkmenistan"	-28.779	37.498	36.261	36.429	31.549	16.341	-25.116	-34.319	43.633	-60.324	-114.454	-57.048	-25.001
860	"Uzbekistan"	-38.021	15.411	308.297	444.08	444.273	78.675	-114.387	-388.436	-400.002	-290	-449.997	-290	-195.001
4	"Afghanistan"	-20	-20	-20	-20	-20	-1117.459	-3418.299	-1484.185	2227.474	-379.474	804.12	-677.497	473.007
50	"Bangladesh"	-55.096	1.484	-142.378	-161.822	-3028.254	-1101.492	-837.319	-219.363	-853.717	-756.121	-1700.003	-3570.954	-2226.481
64	"Bhutan"	10	5	5	10	20	15	0.797	1.595	-85.887	0.143	34.976	16.829	10
356	"India"	-105.71	-4.027	-85.382	-245.182	2118.323	1132.181	483.097	45.147	-677.938	-716.9	-2206.411	-2829.378	-2598.218
364	"Iran (Islamic Republic of)"	-1.088	-1.947	-7.838	51.755	77.633	419.996	1969.42	1344.377	-2276.004	615.293	-70.307	-549.266	-300.001
462	"Maldives"	-0.022	-0.116	-0.581	-2.904	2.415	0	0	-2.605	-3.072	-1.1	-0.105	-0.053	-0.053
524	"Nepal"	-40.559	-80.231	-70	-21.075	-5.799	-41.002	-101.147	-216.407	76.064	-464.703	-922.843	-1023.896	-372.369
586	"Pakistan"	-8.255	-16.702	-93.268	-209.978	-138.106	700	1345.233	139.79	-1128.724	-728.632	-896.486	-1296.372	-1081.918
144	"Sri Lanka"	-16.5	-75	-47.5	-38.5	-145	-237.5	-395.5	-137.44	-255.78	-461.684	-449.48	-520.065	-484.772
96	"Brunei Darussalam"	5.059	6.312	5.209	10.747	8.005	5.624	1.827	0.243	1.346	1.852	2.294	2.441	2.102
116	"Cambodia"	0	0	0	-225.001	-125	-84.999	-88.854	-78.022	409.414	348.495	-35.156	-295.987	-149.999
360	"Indonesia"	-66.553	-108.516	-107.486	-40.261	-90.36	-202.747	-49.566	-166.738	-381.823	-344.962	-851.31	-1116.994	-700
418	"Lao People's Democratic Republic"	-0.01	0.046	0.076	0.03	0.046	-198.756	-35.11	0.138	-45.184	-131.254	-175.1	-117.7	-117.7
458	"Malaysia"	-21.65	5.087	80.684	-18.722	-31.056	-6.95	158.02	435.408	298.812	397.501	490.83	652.234	450
104	"Myanmar"	0	0	0	0	0	0	-54.656	-200	-699.993	-537.998	-1372.688	-1466.799	-474.278
608	"Philippines"	0.497	0.958	0.364	-271.845	-237.734	-313.636	-176.673	-298.756	-504.878	-765.62	-1097.371	-1829.034	-700
702	"Singapore"	65.545	67.991	0.428	-0.363	5.889	14.266	137.811	119.801	248.927	255.243	435.595	449.245	397.936
764	"Thailand"	0	0	0	0	402.578	287.226	341.913	513.675	-807.534	695.804	1102.862	-858.537	100
626	"Timor-Leste"	0.474	1.682	0.67	0.864	2.242	-93.784	10.3	-4.85	-4.186	-156.056	0.012	-104.946	-50.004
704	"Viet Nam"	0	0	0	0	0	-813.123	-324.942	-332.327	-394.236	-216.001	-772.336	-877.681	-200.002
51	"Armenia"	49.863	79.249	70.335	103.399	86.404	35.724	-22.331	-58.313	-496.288	-223.873	-143.966	-136.009	-9.876
31	"Azerbaijan"	9.934	58.339	66.429	50.466	14.62	-28.122	-40.822	-118.757	-105.573	-119.785	10.655	-96.798	-16.125
48	"Bahrain"	3.163	7.905	-4.341	-7.199	19.123	48.962	3.195	12.899	5.48	43.086	133.5	316.544	29.915
196	"Cyprus"	-13.8	-6.648	-43.025	-7.843	3.053	-1.215	-27.634	17.167	43.195	53.26	61.83	44.166	35
268	"Georgia"	104.118	75.704	51.113	24.146	-32.156	-78.92	-18.616	-61.577	-544.069	-390.036	-309.021	-289.534	-296.323
368	"Iraq"	-0.55	-1.1	-1.862	-6.877	-8.587	-47.791	-199.939	-630.184	-154.026	-17.859	-266.32	-457.332	548.666
376	"Israel"	262.167	167.565	208.759	72.44	165.879	62.546	2.604	65.418	456.923	245.334	102.935	273.635	19.497
400	"Jordan"	123.094	119.245	35.715	254.352	-29.706	-80.758	81.657	118.198	401.472	-188.262	-93.897	449.998	229.617
414	"Kuwait"	16.395	32.787	153.599	137.534	109.162	112.656	95.952	110.759	-580.898	98.5	139	522	517.5
422	"Lebanon"	1.615	40	20	-70.002	-10	-270	-214.381	-228.04	90	-29.428	550.11	183.37	1250
512	"Oman"	-10	-10	-10	-5	25.47	76.409	81.5	11.169	93.7	-207.887	40.452	185.5	1211
634	"Qatar"	5.648	4.492	16.337	20.912	34.368	28.315	102.097	57.517	-22.453	42.84	185.343	854.839	363.5
682	"Saudi Arabia"	26.289	25.969	125.989	187.007	491.874	995.676	1391.626	590.9	-25	60.187	945	815	850
275	"State of Palestine"	-68.813	-67.96	-77.639	-283.634	-32.25	-83.7	-61.45	-39.35	35	70	-190	-90	-43.75
760	"Syrian Arab Republic"	-70	-15	-16	-16	-81.501	-161.672	-87.001	-146.501	-70	-130	-379.91	370	-4029.996
792	"Turkey"	-19.782	-92.491	-259.169	-319.769	-314.799	-367.998	-77.591	-150	-200.001	-149.998	-100.002	-50	2000.003
784	"United Arab Emirates"	-0.138	-0.175	37.882	53.823	245.222	391.216	175.581	260.931	326.83	484.452	1180	3493	405
887	"Yemen"	-50	-75	-100	-245.662	-353	-75	-50	-50	672.8	-100	-100	0	-50
908	"EUROPE"	-1301.013	-2530.013	399.735	-271.114	2080.639	2084.716	1633.177	2574.928	5693.467	3358.752	8268.603	8495.141	4123.221
112	"Belarus"	-334.766	-164.536	-125.387	57.574	23.022	10.001	47.114	-6.309	-63.057	56.146	-6.382	63.933	120.535
100	"Bulgaria"	-118.095	-43.465	-1.437	-6.423	-43.396	-94.868	-22.346	-184.143	-356.464	-106.602	-83.002	-83.002	-50
203	"Czech Republic"	59.997	-36.387	24.999	-129.099	9.999	9.999	-52.946	5.671	29.999	46.002	47.402	250.889	29.999
348	"Hungary"	24.754	-174.316	3.984	-9.921	-5.948	51.236	-119.461	-99.736	96.796	78.562	66.163	95.789	29.999
616	"Poland"	0	-165.548	-10.196	-143.114	-170.903	-106.595	-81.891	-458.986	-240.502	-243.932	38.05	5.235	-73.809
498	"Republic of Moldova"	90.096	140.733	100.89	74.449	55.824	-26.414	-9.185	-84.531	-131.953	-165.309	-12.079	-47.911	-9.529
642	"Romania"	-2.001	-2.001	-2.001	-2.001	-2.001	-99.999	-200	-200	-520.001	-610	-490.472	-874.406	-437.201
643	"Russian Federation"	32.795	-1213.491	-1394.343	-550.619	-290.289	639.801	1107	906.615	2519.717	2308.22	1735.324	2157.349	1117.884
703	"Slovakia"	65.482	17.987	-26.427	-57.838	-15.254	-9.696	-34.777	-35.312	-15.108	-2.964	1.199	9.597	1.199
804	"Ukraine"	43.926	-325.141	454.164	267.629	209.851	104.383	189.092	0	74.421	-462.264	-165.445	235.195	195
830	"Channel Islands"	2.186	2.251	2.934	3.88	4.25	1.726	5.38	6.085	2.12	3.778	4.592	4.479	3.654
208	"Denmark"	-18.28	-32.64	2.256	21.866	23.256	14.925	9.319	32.839	65.466	74.568	46.306	87.989	96.839
233	"Estonia"	36.999	26.899	43.228	41.204	30.581	30.51	25.9	15.497	-111.876	-1.197	-18.406	-15.151	-11.85
246	"Finland"	-32.54	-27.747	-64.984	-97.937	28.88	-29.377	26.181	18.268	47.223	22.154	31.935	71.143	107.409
352	"Iceland"	-0.413	0.323	-0.732	-2.757	-1.061	-3.929	0.26	0.646	-1.054	1.994	3.894	8.041	-0.378
372	"Ireland"	-146.275	-207.419	-109.734	-50.86	37.331	53.058	-50.745	-115.193	-10.648	83.412	199.949	198.144	-140.001
428	"Latvia"	27.792	61.687	76.276	69.482	54.668	41.271	39.884	42.002	-135.622	-39.042	-82.692	-86.168	-73.442
440	"Lithuania"	-60.523	-24.501	24.715	26.314	37.782	38.815	43.804	36.863	-100.301	-111.16	-83.738	-141.659	-169.529
578	"Norway"	-3.962	-9.438	-2.274	13.867	29.273	20.728	24.805	38.715	46.903	58.773	67.4	174.001	235.665
752	"Sweden"	52.052	47.266	80.351	130.98	18.798	88.567	29.799	134.569	156.46	58.47	141.723	262.453	272.626
826	"United Kingdom"	-357.92	69.966	142.563	-84.853	106.415	39.119	-97.495	98.758	205.443	498.998	968.35	1523.939	900
8	"Albania"	-0.099	-0.099	-0.099	-0.099	-0.099	-0.099	-0.099	-0.099	-443.212	-179.606	-175.406	-252.926	-91.75
70	"Bosnia and Herzegovina"	-50.002	-50.002	-50.002	-99.999	-74.999	-74.999	-29.999	-56.374	-748.374	-160.02	34.82	3.677	-2.506
191	"Croatia"	-0.018	-0.018	1.854	-1.225	-18.403	18.681	54.369	26.145	-143.579	-188.129	-2.58	-22.532	-20
300	"Greece"	18.595	-13.954	-145.243	-99.122	10.771	330.211	114.02	158.887	464.636	297.431	113.586	80.157	-136.299
380	"Italy"	-203.668	-559.402	-231.607	-231.781	19.396	164.927	266.352	-10.058	152.825	223.974	1624.3	1006.308	528.269
470	"Malta"	-29.215	-27.724	-26.384	-12.601	-9.682	-4.843	2.88	1.159	2.893	4.316	5.76	13.525	6.252
499	"Montenegro"	9.999	-2.001	-2.001	-53.773	-2.001	-7.401	-2.001	-29.965	-20.249	-21.588	-7.999	-3.108	-2.412
620	"Portugal"	-265.081	-329.412	-547.884	-701.6	108.187	198.629	-66.894	-147.873	149.122	173.604	178.353	127.025	-140
688	"Serbia"	35.206	-50.057	-88.14	-89.744	-20.651	7.68	-10.36	-27.488	178.348	-546.911	-276.331	-38.215	-99.999
705	"Slovenia"	-20	-9.672	-22.059	-14.95	17.942	34.686	68.363	32.609	-17.461	1.487	14.998	49.624	4.324
724	"Spain"	-435.544	-459.011	-193.807	-145.936	96.99	76.903	-43.291	-67.671	319.268	896.019	2829.228	2250.005	-593.069
807	"TFYR Macedonia"	0	-44.94	-40.94	-28.981	-61.002	-14.749	-72.752	-98.818	-133.498	-4.999	-15.272	-4.999	-4.999
40	"Austria"	-77.999	-52.002	15.996	50.401	82.001	5.502	18.002	110.999	227.841	65.082	178.117	153.763	147.089
56	"Belgium"	59.177	43.85	71.911	86.168	39.275	70.243	13.46	44.794	115.391	67.177	247.56	267.204	269.998
250	"France"	298.328	930.036	1466.682	416.217	805.181	146.855	268.131	481.869	303.416	188.966	739.395	480.787	331.555
276	"Germany"	-42.001	39.829	666.962	917.575	714.153	288.662	0.023	1710.683	3232.654	744.288	1.217	31.64	1249.998
442	"Luxembourg"	5.756	4.191	8.527	5.918	15.284	11.846	2.552	12.831	20.04	19.94	14.473	42.279	48.704
528	"Netherlands"	-94.668	-22.221	11.589	54.636	179.46	180.718	79.525	133.845	220.083	153.553	144.62	55.674	110.006
756	"Switzerland"	131.747	129.187	276.181	92.978	25.185	-135.365	81.04	130.857	247.406	65.218	186.125	344.872	382.267
904	"LATIN AMERICA AND THE CARIBBEAN"	-154.998	-1023.323	-1429.116	-2051.62	-2277.416	-3188.899	-3433.291	-3483.999	-3241.942	-4317.4	-5524.543	-2686.434	-2073.835
28	"Antigua and Barbuda"	0.187	-4.463	-1.703	-1.625	-2.874	-3.492	-8.84	-7.629	2.617	4.421	-0.282	-0.092	-0.056
533	"Aruba"	-1.58	2.784	-4.323	-4.275	-3.537	-5.47	-1.921	-5.194	14.218	6.926	6.263	-0.441	1.253
44	"Bahamas"	-0.227	8.483	14.357	14.08	0.887	2.791	0.18	-1.099	-0.395	-3.097	15.483	14.363	9.672
52	"Barbados"	-6.823	-17.305	-15.903	-11.88	-5.433	-3.595	-5.589	-4.077	-3.263	-1.323	-0.077	2.05	2.18
192	"Cuba"	-30	-55	-205	-250	-190	-160	-270	-69.999	-120.006	-163.997	-149.998	-193.998	-79.999
531	"Cura~ASSao"	2.619	-5.986	-7.752	-4.526	-5	-13.251	-8.464	-14.547	-11.517	-17.077	-6.07	15.363	5.71
214	"Dominican Republic"	-18.957	-31.722	-43.49	-56.172	-70.824	-87.098	-118.102	-134.47	-144.154	-150.146	-152.553	-153.773	-153.01
308	"Grenada"	-5.582	-5.22	-8.968	-9.319	-11.426	-12.867	-0.288	-15.001	-3.923	-4.912	-4.132	-4.274	-4.274
312	"Guadeloupe"	-2.805	5.503	-10.865	-18.256	-24.847	-23.851	6.123	5.91	-4.188	0.364	-1.142	-13	-3.743
332	"Haiti"	-29.999	-34.999	-51.997	-58.003	-88	-97.999	-124.999	-135.001	-140.001	-144.998	-139.999	-138.004	-150
388	"Jamaica"	-36.89	-149.699	-147.722	-168.398	-103.176	-112.462	-80.344	-158.694	-109.999	-90.002	-91.999	-94.999	-97
474	"Martinique"	-8.004	0.035	-8.196	-23.08	-27.079	-20.682	-1.639	-0.234	-6.748	2.54	-4.008	-14.113	-5.684
630	"Puerto Rico"	-289.711	-209.505	-91.587	-134.255	-41.031	-19.579	-48.42	-55.192	-0.296	-30.45	-145.704	-138.043	-103.537
662	"Saint Lucia"	-9.113	-12.441	-9.372	-7.697	-9.649	-8.932	-8.141	-4.262	-4.806	-0.948	-0.227	2.85	0.04
670	"Saint Vincent and the Grenadines"	-4.907	-5.687	-9.326	-10.014	-8.792	-7.257	-7.345	-7.103	-8.682	-7.948	-5.2	-5.122	-5
780	"Trinidad and Tobago"	-2.802	-2.825	-57.936	-61.563	-29.357	-30.858	-34.278	-45.071	-31.973	-32.545	-13.159	-11.303	-5
850	"United States Virgin Islands"	-0.302	-0.537	10.27	3.245	9.407	1.961	-3.492	-11.156	-4.618	-3.936	-5.272	-6.191	-3.604
84	"Belize"	-2.956	-2.744	-2.418	-2.957	-10.665	-13.542	-5.332	-5.404	-9.011	11.909	5.797	8.722	7.594
188	"Costa Rica"	4.912	7.137	7.905	7.827	12.638	17.425	18.876	17.417	69.202	89.527	41.792	30.339	19.658
222	"El Salvador"	-62.152	-43.88	-24.031	-44.306	-90.977	-164.23	-231.749	-256.685	-265.152	-326.853	-312.786	-285.671	-240.415
320	"Guatemala"	-4	-6.499	-19.999	-40.498	-81	-180.001	-220.003	-250.001	-260.001	-280.001	-199.998	-132	-120.001
340	"Honduras"	10	10	11	-70	-50	-30	-50.002	-70.001	-119.999	-180.003	-149.999	-99.997	-80
484	"Mexico"	-200.001	-289.999	-411.004	-620.001	-899.999	-1212.001	-1519	-1535.834	-1302.868	-1844.707	-2841.19	-409.596	-523.585
558	"Nicaragua"	-10.802	-11	-14.003	-18.997	-37.999	-58.001	-110.002	-150.001	-120.001	-145	-173.998	-155	-135
591	"Panama"	-14.066	-12.257	-11.928	-12.692	-12.288	-14.077	-12.704	-9.395	1.954	9.797	16.119	22.244	28.105
32	"Argentina"	309.999	140.002	122.001	130.001	290	-230.001	139.999	160.002	29.999	-80	-90	-84.998	30
68	"Bolivia (Plurinational State of)"	-31.997	-30.002	-34.003	-37.001	-42.998	-60.007	-87.002	-106.998	-90.997	-83.002	-89.995	-84.003	-61.794
76	"Brazil"	330.012	0	0	0	0	0	0	0	0	0	0	0	15.924
152	"Chile"	-29.754	-29.589	-33.751	-42.595	-51.769	-50.998	-37.305	7.909	62.545	71.64	93.789	139.345	201.289
170	"Colombia"	-162.997	-213.002	-253.998	-281	-289.998	-286.998	-273.997	-254.001	-223.998	-190	-159.003	-143	-144.998
218	"Ecuador"	-2	-7.999	-9.002	-5.5	-5.499	-7.198	-14.001	-16.998	-19	-69.999	-120.002	-44.999	-38.001
254	"French Guiana"	0.231	0.706	3.474	4.035	2.53	5.096	10.773	16.749	4.45	6.6	17.699	3.004	6
328	"Guyana"	10.849	-1.017	2.132	-43.195	-52.068	-53.966	-121.338	-134.808	-76.825	-54.757	-58.713	-34.129	-27.278
600	"Paraguay"	-78.978	-74.633	-70.58	-65.825	-58.83	-46.331	-21.209	-17.242	-31.049	-43.861	-46.919	-117.299	-86.7
604	"Peru"	-16.5	-22.001	-30	-50.003	-87.999	-98.998	-117.998	-185.001	-293.999	-540.001	-634.999	-489.999	-240
740	"Suriname"	-3.423	-5.416	-11.05	-13.862	-56.82	-40.352	-31.771	-4.845	-3.342	-2.402	-22.142	-5.675	-5
858	"Uruguay"	10	20	-6	-34	-136	-60	-30	-30	-20	-26	-104	-50	-30
862	"Venezuela (Bolivarian Republic of)"	243.547	79.805	18.874	3.172	0.892	1.094	1.373	0.891	-0.572	-2.061	-7.648	-28.395	-69.121
905	"NORTHERN AMERICA"	1483.747	2420.278	1135.795	2105.282	3611.84	4308.149	3654.765	4559.737	5263.692	9451.043	6173.86	6295.538	6179.388
124	"Canada"	615.129	561.451	178.066	608.528	771.526	438.027	376.129	875.013	698.764	761.611	1026.702	1229.905	1175.863
840	"United States of America"	870.259	1859.808	958.657	1495.165	2840.495	3872.811	3279.26	3686.097	4568.941	8692.337	5149.157	5070.253	5007.887
909	"OCEANIA"	478.632	406.819	422.293	832.92	293.871	95.04	417.907	561.106	401.75	323.733	574.296	1077.834	951.684
36	"Australia"	438.295	397.191	382.989	852.782	264.129	235.744	456.227	666.233	351.078	377.552	575.104	1132.688	1023.107
554	"New Zealand"	62.412	38.875	42.751	-2.624	76.678	-74.794	-2.908	-9.418	118.016	42.584	134.629	62.413	7.265
242	"Fiji"	-3.286	-4.858	2.451	-9.567	-12.506	-20.709	-11.628	-66.875	-35.796	-42.26	-61.797	-28.754	-28.72
540	"New Caledonia"	-3.462	2.454	3.347	1.106	6.442	-1.222	-2.085	0.475	4.778	5.571	4.771	4.234	5.66
598	"Papua New Guinea"	-0.665	-7.675	-4.317	2.993	-7.352	-8.243	0	0	0	0	0	0	0
90	"Solomon Islands"	1.793	2.566	2.348	2.188	2.118	0.182	-0.001	-1.832	-0.971	-0.677	-4.898	-11.896	-11.868
548	"Vanuatu"	-0.104	-0.122	0.067	-0.506	1.439	0.245	-3.312	-2.801	-0.295	-7.087	-0.502	1.135	0.603
316	"Guam"	-3.842	-4.552	-2.905	-1.442	-2.131	-1.511	0.109	0.099	1.739	-4.116	-9.556	-9.776	0
296	"Kiribati"	-1.082	-1.127	-1.219	-1.274	-1.5	-2.576	-3.112	-0.766	-4.598	-2.977	-2.039	-0.578	-2.13
583	"Micronesia (Fed. States of)"	0	0	0	0	-7.997	-0.548	0	-2.461	-2.234	-13.618	-12.85	-12.132	-8.192
258	"French Polynesia"	-1.286	-2.427	3.19	3.344	4.388	3.844	3.65	0.241	-4.324	3.483	0.077	-3.463	-0.5
882	"Samoa"	-2.765	-2.365	-1.453	-5.043	-13.312	-17.563	-17.43	-18.654	-13.724	-17.3	-15.726	-15.371	-12.69
776	"Tonga"	-1.614	-4.925	0.103	-3.147	-7.635	-7.889	-12.542	-10.902	-11.082	-8.701	-8.129	-8.196	-8.078
