"country_code"	"name"	"2015-2020"	"2020-2025"	"2025-2030"	"2030-2035"	"2035-2040"	"2040-2045"	"2045-2050"	"2050-2055"	"2055-2060"	"2060-2065"	"2065-2070"	"2070-2075"	"2075-2080"	"2080-2085"	"2085-2090"	"2090-2095"	"2095-2100"
900	"WORLD"	0	0	0	0	0	0	0	0	0	0	0	0	0	0	0	0	0
903	"AFRICA"	0.844	1.139	1.239	1.276	1.307	1.331	1.348	1.36	1.366	1.365	1.359	1.35	1.341	1.333	1.325	1.318	1.311
108	"Burundi"	14.115	15.404	15.944	16.027	16.166	16.352	16.598	16.864	17.043	17.038	16.828	16.446	15.982	15.515	15.101	14.724	14.347
174	"Comoros"	7.993	8.322	9.783	9.877	9.954	9.962	9.898	9.805	9.712	9.643	9.559	9.398	9.161	8.897	8.669	8.492	8.324
262	"Djibouti"	56.846	52.791	54.186	53.797	53.215	52.428	51.679	51.248	51.075	51.037	51.075	51.104	51.019	51.027	51.27	51.567	51.824
232	"Eritrea"	14.083	17.699	17.614	17.457	17.347	17.302	17.281	17.223	17.196	17.253	17.364	17.455	17.501	17.518	17.474	17.352	17.184
231	"Ethiopia"	9.395	11.358	10.728	10.761	10.765	10.738	10.698	10.654	10.604	10.524	10.398	10.234	10.098	10.002	9.903	9.777	9.632
404	"Kenya"	2.577	2.875	3.063	3.131	3.207	3.287	3.364	3.432	3.477	3.494	3.49	3.47	3.442	3.411	3.369	3.308	3.227
450	"Madagascar"	1.783	2.166	2.511	2.688	2.856	3.017	3.168	3.306	3.425	3.515	3.573	3.603	3.624	3.644	3.659	3.66	3.652
454	"Malawi"	23.827	22	23.707	23.703	23.736	23.753	23.692	23.565	23.38	23.093	22.759	22.444	22.205	22.001	21.792	21.574	21.349
480	"Mauritius"	4.938	5.812	6.687	6.631	6.565	6.5	6.449	6.398	6.34	6.296	6.307	6.369	6.44	6.499	6.564	6.65	6.757
175	"Mayotte"	17.994	19.584	23.806	23.959	24.06	24.068	23.98	23.846	23.72	23.594	23.476	23.336	23.157	22.925	22.645	22.337	22.022
508	"Mozambique"	14.937	16.549	17.358	17.259	17.131	17.011	16.873	16.685	16.476	16.246	16.008	15.777	15.606	15.557	15.604	15.691	15.805
638	"R~A(c)union"	8.772	10.447	10.079	10.07	10.054	10.044	10.017	9.942	9.832	9.721	9.617	9.521	9.447	9.425	9.449	9.52	9.601
646	"Rwanda"	37.058	40.014	36.081	36.604	37.075	37.425	37.534	37.285	36.742	36.082	35.471	35.013	34.727	34.486	34.28	34.23	34.342
690	"Seychelles"	9.559	11.289	12.49	12.576	12.681	12.802	12.947	13.071	13.138	13.126	13.089	13.031	12.937	12.818	12.698	12.581	12.473
706	"Somalia"	60.726	60.201	57.08	57.097	57.062	56.877	56.627	56.428	56.302	56.267	56.089	55.721	55.273	54.661	53.848	52.961	52.098
728	"South Sudan"	40.565	37.095	37.647	37.045	36.573	36.301	36.171	36.076	35.886	35.598	35.253	34.803	34.227	33.61	32.995	32.378	31.81
800	"Uganda"	5.764	6.305	6.523	6.603	6.667	6.701	6.72	6.768	6.856	6.951	7.01	7.017	6.985	6.934	6.883	6.834	6.784
834	"United Republic of Tanzania"	4.356	4.902	5.437	5.507	5.585	5.649	5.675	5.661	5.616	5.546	5.47	5.395	5.322	5.248	5.175	5.104	5.032
894	"Zambia"	2.999	3.682	4.043	4.05	4.048	4.041	4.042	4.054	4.068	4.068	4.048	4.001	3.939	3.882	3.838	3.811	3.793
716	"Zimbabwe"	4.507	5.405	6.228	6.408	6.581	6.71	6.763	6.77	6.764	6.776	6.818	6.877	6.929	6.954	6.947	6.931	6.924
24	"Angola"	7.811	9.026	7.595	7.404	7.311	7.328	7.411	7.521	7.634	7.738	7.813	7.85	7.832	7.757	7.662	7.588	7.533
120	"Cameroon"	1.337	1.699	2.331	2.437	2.54	2.642	2.747	2.846	2.938	3.022	3.094	3.156	3.212	3.265	3.322	3.383	3.447
140	"Central African Republic"	5.483	5.812	5.835	5.856	5.877	5.879	5.843	5.768	5.666	5.56	5.463	5.392	5.351	5.349	5.378	5.42	5.466
148	"Chad"	8.14	9.081	9.625	9.77	9.934	10.103	10.249	10.367	10.461	10.552	10.647	10.719	10.728	10.65	10.498	10.325	10.163
178	"Congo"	3.927	4.135	4.807	4.79	4.779	4.785	4.814	4.85	4.866	4.843	4.799	4.767	4.744	4.691	4.593	4.459	4.299
180	"Democratic Republic of the Congo"	7.303	8.523	8.414	8.458	8.474	8.438	8.346	8.215	8.081	7.952	7.823	7.696	7.555	7.418	7.289	7.152	7.009
226	"Equatorial Guinea"	53.566	51.451	50.078	49.68	49.282	48.788	48.279	47.879	47.508	47.177	46.957	46.913	46.988	47.054	47.002	46.765	46.398
266	"Gabon"	5.155	5.735	6.338	6.442	6.547	6.65	6.729	6.764	6.745	6.673	6.558	6.425	6.295	6.188	6.126	6.111	6.113
678	"Sao Tome and Principe"	13.538	19.423	22.12	21.721	21.336	20.948	20.583	20.351	20.361	20.574	20.832	21.005	20.988	20.744	20.307	19.767	19.187
12	"Algeria"	2.073	2.614	3.024	3.136	3.22	3.262	3.269	3.266	3.271	3.295	3.339	3.399	3.464	3.512	3.521	3.502	3.476
818	"Egypt"	1.916	2.281	2.927	3.159	3.37	3.544	3.688	3.812	3.919	4.007	4.065	4.097	4.117	4.136	4.163	4.198	4.243
434	"Libya"	0.527	5.092	7.977	9.065	10.115	11.141	12.175	13.263	14.438	15.674	16.876	17.921	18.756	19.413	19.924	20.324	20.683
504	"Morocco"	1.394	1.783	2.668	2.885	3.079	3.253	3.409	3.535	3.621	3.661	3.653	3.615	3.575	3.572	3.625	3.709	3.81
729	"Sudan"	10.573	11.86	12.031	11.905	11.803	11.744	11.688	11.626	11.561	11.507	11.494	11.522	11.563	11.574	11.52	11.415	11.268
788	"Tunisia"	6.49	7.473	7.646	7.995	8.353	8.697	8.978	9.144	9.202	9.173	9.084	8.958	8.811	8.648	8.462	8.252	8.037
732	"Western Sahara"	23.487	57.073	71.715	71.399	70.819	70.065	69.315	68.691	68.244	68.041	68.041	68.127	68.186	68.179	68.137	68.022	67.792
72	"Botswana"	7.79	9.013	9.42	9.472	9.497	9.491	9.497	9.547	9.637	9.733	9.774	9.75	9.72	9.727	9.8	9.915	10.033
426	"Lesotho"	3.341	4.039	4.878	5.331	5.761	6.15	6.465	6.666	6.74	6.717	6.648	6.581	6.571	6.611	6.672	6.73	6.777
516	"Namibia"	12.186	13.309	13.907	14.059	14.228	14.33	14.299	14.148	13.929	13.674	13.425	13.248	13.196	13.258	13.344	13.416	13.486
710	"South Africa"	7.081	6.838	7.351	7.282	7.214	7.157	7.126	7.129	7.177	7.242	7.285	7.289	7.258	7.216	7.166	7.109	7.054
748	"Swaziland"	7.033	7.448	7.272	7.304	7.34	7.363	7.354	7.305	7.223	7.135	7.046	6.93	6.813	6.744	6.73	6.722	6.708
204	"Benin"	4.313	4.993	5.983	5.802	5.646	5.531	5.467	5.456	5.496	5.555	5.589	5.584	5.538	5.46	5.36	5.249	5.134
854	"Burkina Faso"	0.945	1.986	2.452	2.812	3.156	3.467	3.736	3.965	4.166	4.343	4.498	4.639	4.771	4.9	5.017	5.108	5.181
132	"Cabo Verde"	18.661	25.187	25.954	25.65	25.357	25.191	25.184	25.263	25.383	25.445	25.394	25.228	24.958	24.621	24.258	23.867	23.442
384	"C~A'te d'Ivoire"	8.901	10.914	13.028	13.841	14.579	15.17	15.577	15.815	15.918	15.933	15.917	15.911	15.924	15.948	15.975	15.986	15.985
270	"Gambia"	18.752	18.496	18.684	18.805	18.907	18.924	18.834	18.682	18.561	18.49	18.479	18.552	18.741	18.942	19.094	19.16	19.185
288	"Ghana"	11.307	11.524	10.665	10.948	11.201	11.365	11.438	11.435	11.374	11.278	11.14	10.989	10.878	10.827	10.847	10.919	11.01
324	"Guinea"	23.042	23.435	24.532	24.678	24.832	24.959	24.977	24.873	24.614	24.238	23.836	23.45	23.086	22.779	22.502	22.243	22.023
624	"Guinea-Bissau"	2.587	4.393	5.331	5.701	6.063	6.414	6.749	7.063	7.34	7.564	7.715	7.799	7.834	7.84	7.813	7.765	7.706
430	"Liberia"	39.954	48.893	43.809	43.335	42.934	42.619	42.351	42.148	41.971	41.79	41.611	41.351	40.953	40.367	39.732	39.149	38.532
466	"Mali"	2.876	5.023	5.873	6.311	6.721	7.041	7.242	7.355	7.435	7.508	7.552	7.556	7.52	7.464	7.415	7.403	7.43
478	"Mauritania"	2.338	3.125	3.66	3.849	4.019	4.162	4.271	4.352	4.417	4.465	4.501	4.551	4.623	4.706	4.772	4.809	4.831
562	"Niger"	2.525	3.231	3.46	3.636	3.812	3.973	4.111	4.212	4.257	4.226	4.122	3.966	3.795	3.621	3.45	3.283	3.121
566	"Nigeria"	2.905	3.242	3.417	3.412	3.4	3.383	3.364	3.347	3.338	3.339	3.339	3.342	3.354	3.376	3.399	3.416	3.42
686	"Senegal"	5.45	6.627	6.75	7.109	7.476	7.849	8.228	8.578	8.848	9.01	9.083	9.1	9.092	9.077	9.079	9.102	9.143
694	"Sierra Leone"	21.053	25.052	25.898	25.481	24.973	24.387	23.804	23.347	23.025	22.768	22.561	22.42	22.337	22.227	22.036	21.784	21.477
768	"Togo"	14.343	15.87	15.453	15.484	15.457	15.376	15.274	15.141	14.973	14.808	14.635	14.464	14.344	14.327	14.394	14.493	14.568
935	"ASIA"	0.207	0.312	0.4	0.45	0.499	0.543	0.585	0.629	0.672	0.714	0.757	0.801	0.848	0.899	0.95	0.998	1.043
156	"China"	1.159	1.439	1.74	1.891	2.038	2.177	2.306	2.423	2.52	2.603	2.671	2.725	2.777	2.828	2.875	2.922	2.965
344	"China, Hong Kong SAR"	21.87	22.775	22.13	22.298	22.497	22.718	22.858	22.799	22.608	22.444	22.378	22.381	22.399	22.423	22.42	22.367	22.278
446	"China, Macao SAR"	43.774	40.942	40.282	39.225	38.314	37.566	36.861	36.172	35.57	35.136	34.94	35.066	35.432	35.769	35.904	35.876	35.778
408	"Dem. People's Republic of Korea"	1.919	2.048	1.897	1.905	1.917	1.927	1.932	1.928	1.918	1.906	1.9	1.903	1.908	1.912	1.91	1.9	1.884
392	"Japan"	2.933	2.989	3.468	3.513	3.551	3.58	3.606	3.629	3.658	3.689	3.709	3.707	3.698	3.706	3.743	3.797	3.857
496	"Mongolia"	4.665	4.761	5.407	5.737	6.05	6.323	6.531	6.677	6.786	6.883	6.987	7.079	7.146	7.2	7.245	7.283	7.309
410	"Republic of Korea"	5.935	6.36	7.185	6.979	6.762	6.552	6.382	6.288	6.282	6.345	6.42	6.45	6.431	6.385	6.322	6.239	6.145
158	"Other non-specified areas"	6.037	7.2	7.283	7.308	7.302	7.264	7.227	7.202	7.202	7.245	7.329	7.46	7.63	7.789	7.926	8.043	8.152
398	"Kazakhstan"	16.705	19.57	20.87	21.45	21.98	22.387	22.608	22.607	22.42	22.121	21.774	21.52	21.482	21.675	22.057	22.556	23.091
417	"Kyrgyzstan"	8.541	10.39	11.636	12.472	13.249	13.869	14.282	14.494	14.541	14.504	14.446	14.408	14.452	14.608	14.837	15.11	15.418
762	"Tajikistan"	8.917	10.492	9.77	10.3	10.828	11.31	11.714	12.034	12.298	12.505	12.619	12.617	12.507	12.315	12.111	11.933	11.764
795	"Turkmenistan"	7.705	7.675	8.563	8.584	8.585	8.568	8.55	8.551	8.56	8.557	8.553	8.548	8.559	8.597	8.635	8.647	8.647
860	"Uzbekistan"	5.126	7.361	8.934	9.413	9.844	10.18	10.394	10.513	10.598	10.691	10.788	10.87	10.949	11.028	11.104	11.169	11.234
4	"Afghanistan"	45.484	47.49	45.011	44.118	43.305	42.689	42.303	42.114	42	41.931	41.845	41.659	41.248	40.733	40.273	39.923	39.579
50	"Bangladesh"	3.081	4.219	4.457	4.751	5.013	5.201	5.305	5.349	5.38	5.397	5.391	5.37	5.333	5.3	5.307	5.364	5.455
64	"Bhutan"	25.383	26.207	27.328	27.039	26.732	26.485	26.302	26.12	25.96	25.801	25.586	25.382	25.269	25.232	25.19	25.105	24.959
356	"India"	1.033	1.466	1.746	1.862	1.977	2.086	2.186	2.275	2.351	2.404	2.433	2.442	2.439	2.432	2.437	2.452	2.47
364	"Iran (Islamic Republic of)"	8.883	10.916	10.663	10.649	10.641	10.621	10.569	10.505	10.448	10.394	10.306	10.164	9.996	9.862	9.795	9.79	9.803
462	"Maldives"	4.97	5.707	5.855	5.748	5.662	5.592	5.505	5.396	5.292	5.225	5.177	5.136	5.075	4.99	4.904	4.826	4.743
524	"Nepal"	2.709	4.255	5.323	5.662	6.007	6.34	6.633	6.866	7.039	7.181	7.319	7.454	7.576	7.673	7.719	7.712	7.675
586	"Pakistan"	2.635	2.968	3.884	4.099	4.296	4.463	4.601	4.706	4.78	4.822	4.838	4.826	4.791	4.742	4.689	4.633	4.577
144	"Sri Lanka"	-0.618	0.474	1.287	1.586	1.855	2.075	2.248	2.372	2.453	2.515	2.575	2.654	2.747	2.863	3.007	3.165	3.325
96	"Brunei Darussalam"	9.091	12.069	12.443	13.006	13.522	13.953	14.3	14.556	14.692	14.658	14.443	14.107	13.739	13.394	13.094	12.859	12.657
116	"Cambodia"	7.623	10.318	9.732	9.75	9.784	9.845	9.931	10.035	10.131	10.208	10.278	10.362	10.438	10.462	10.408	10.269	10.098
360	"Indonesia"	1.379	1.743	2.089	2.264	2.441	2.614	2.773	2.903	3.004	3.078	3.122	3.144	3.153	3.152	3.15	3.15	3.149
418	"Lao People's Democratic Republic"	6.843	6.964	8.503	8.755	8.987	9.178	9.3	9.328	9.25	9.076	8.852	8.656	8.55	8.521	8.551	8.65	8.793
458	"Malaysia"	7.064	7.586	7.76	8.064	8.345	8.598	8.826	9.038	9.226	9.375	9.493	9.588	9.669	9.73	9.76	9.766	9.754
104	"Myanmar"	1.918	3.057	3.471	3.761	4.037	4.289	4.512	4.709	4.874	4.985	5.035	5.039	5.021	5.015	5.025	5.042	5.055
608	"Philippines"	1.307	1.772	2.281	2.485	2.676	2.837	2.967	3.058	3.121	3.173	3.227	3.299	3.398	3.524	3.682	3.862	4.051
702	"Singapore"	25.462	26.974	27.2	26.875	26.528	26.204	25.907	25.625	25.328	24.996	24.637	24.288	23.946	23.615	23.315	23.035	22.765
764	"Thailand"	4.418	5.119	5.623	5.571	5.544	5.537	5.528	5.507	5.479	5.455	5.431	5.408	5.394	5.388	5.369	5.304	5.204
626	"Timor-Leste"	28.303	34.245	32.23	32.262	32.169	31.981	31.752	31.572	31.425	31.322	31.28	31.155	30.934	30.664	30.358	30	29.616
704	"Viet Nam"	2.277	2.434	2.969	2.978	2.987	2.989	2.978	2.97	2.982	3.019	3.074	3.125	3.161	3.184	3.192	3.184	3.173
51	"Armenia"	15.59	19.02	20.412	21.074	21.651	22.042	22.219	22.259	22.206	22.123	22.071	22.087	22.144	22.135	22.055	21.916	21.681
31	"Azerbaijan"	3.904	4.632	5.566	5.839	6.071	6.247	6.366	6.449	6.513	6.562	6.593	6.611	6.635	6.68	6.75	6.835	6.924
48	"Bahrain"	39.099	35.896	32.233	32.174	32.047	31.911	31.89	32.085	32.455	32.93	33.435	33.893	34.228	34.398	34.406	34.331	34.278
196	"Cyprus"	18.401	18.893	21.201	21.237	21.238	21.146	20.943	20.646	20.286	19.927	19.652	19.487	19.414	19.41	19.453	19.523	19.618
268	"Georgia"	0.242	4.63	7.825	9.075	10.296	11.508	12.675	13.717	14.571	15.221	15.733	16.217	16.79	17.564	18.606	19.862	21.212
368	"Iraq"	8.646	8.934	9.526	9.396	9.222	9	8.752	8.527	8.383	8.319	8.267	8.175	8.031	7.854	7.673	7.488	7.307
376	"Israel"	17.181	19.661	20.359	20.447	20.532	20.594	20.62	20.57	20.441	20.237	19.993	19.745	19.491	19.248	18.995	18.723	18.421
400	"Jordan"	42.726	44.665	40.941	40.179	39.604	39.325	39.205	38.992	38.657	38.376	38.176	38.071	37.971	37.869	37.721	37.507	37.215
414	"Kuwait"	79.229	64.136	62.236	59.921	57.666	55.506	53.471	51.53	49.684	48.033	46.654	45.439	44.207	42.834	41.305	39.7	38.069
422	"Lebanon"	35.665	26.189	34.177	37.503	40.2	42.064	43.195	43.828	44.081	44.027	43.814	43.637	43.558	43.402	42.997	42.356	41.587
512	"Oman"	96.415	69.241	50.484	48.046	45.83	43.976	42.501	41.46	40.963	40.926	41.223	41.7	42.149	42.565	42.952	43.377	43.912
634	"Qatar"	119.838	102.461	95.053	92.92	90.361	86.919	82.62	77.936	73.558	69.763	66.583	63.933	61.607	59.342	56.956	54.374	51.7
682	"Saudi Arabia"	16.066	14.582	12.892	12.311	11.769	11.292	10.902	10.618	10.446	10.354	10.31	10.324	10.401	10.537	10.721	10.935	11.165
275	"State of Palestine"	30.271	35.823	35.843	34.671	33.587	32.718	32.082	31.795	31.89	32.15	32.322	32.382	32.367	32.266	31.96	31.508	31.052
760	"Syrian Arab Republic"	13.315	21.416	25.393	26.164	26.853	27.299	27.447	27.336	27.015	26.524	25.915	25.308	24.858	24.572	24.349	24.081	23.768
792	"Turkey"	8.335	8.963	9.372	9.475	9.583	9.697	9.801	9.883	9.938	9.963	9.981	9.996	9.989	9.945	9.873	9.796	9.72
784	"United Arab Emirates"	114.103	106.884	98.867	94.499	90.09	85.554	81.02	76.605	72.411	68.485	64.978	62.035	59.85	58.314	57.031	55.702	54.209
887	"Yemen"	10.314	11.645	12.867	12.844	12.788	12.704	12.569	12.389	12.198	12.029	11.883	11.743	11.585	11.436	11.308	11.201	11.124
908	"EUROPE"	2.184	2.464	2.729	2.802	2.881	2.965	3.055	3.145	3.231	3.313	3.394	3.482	3.582	3.691	3.808	3.937	4.076
112	"Belarus"	4.795	4.984	5.159	5.084	5.012	4.942	4.872	4.813	4.761	4.717	4.694	4.702	4.738	4.792	4.85	4.904	4.955
100	"Bulgaria"	2.833	3.658	4.195	4.28	4.341	4.376	4.403	4.427	4.439	4.448	4.46	4.475	4.509	4.579	4.693	4.841	5.004
203	"Czech Republic"	4.627	5.068	4.673	4.788	4.899	5.006	5.106	5.199	5.273	5.326	5.36	5.368	5.364	5.357	5.332	5.28	5.208
348	"Hungary"	4.261	4.319	5.081	5.058	5.022	4.961	4.885	4.823	4.785	4.783	4.823	4.896	5.001	5.13	5.263	5.396	5.53
616	"Poland"	1.746	2.178	2.346	2.461	2.57	2.673	2.767	2.839	2.887	2.909	2.899	2.859	2.803	2.738	2.676	2.623	2.573
498	"Republic of Moldova"	5.79	7.304	8.636	8.883	9.103	9.279	9.379	9.411	9.437	9.503	9.618	9.762	9.912	10.044	10.124	10.195	10.278
642	"Romania"	0.296	1.659	2.524	2.816	3.101	3.37	3.621	3.864	4.125	4.41	4.704	4.979	5.217	5.403	5.535	5.62	5.678
643	"Russian Federation"	4.162	4.784	5.315	5.637	5.96	6.275	6.55	6.757	6.886	6.961	7.019	7.077	7.133	7.178	7.19	7.162	7.102
703	"Slovakia"	1.861	2.118	2.297	2.314	2.325	2.332	2.334	2.331	2.317	2.287	2.257	2.245	2.252	2.272	2.293	2.309	2.318
804	"Ukraine"	3.539	3.404	3.985	4.08	4.164	4.23	4.277	4.308	4.326	4.332	4.325	4.318	4.32	4.342	4.389	4.452	4.525
830	"Channel Islands"	9.704	10.312	10.915	11.226	11.53	11.805	12.027	12.176	12.261	12.314	12.368	12.415	12.45	12.453	12.433	12.398	12.346
208	"Denmark"	5.782	6.127	6.617	6.738	6.86	6.97	7.045	7.079	7.077	7.062	7.053	7.047	7.03	6.999	6.959	6.919	6.889
233	"Estonia"	9.709	11.128	11.256	11.466	11.661	11.857	12.066	12.275	12.448	12.553	12.625	12.681	12.711	12.71	12.713	12.719	12.715
246	"Finland"	7.349	8.229	8.161	8.195	8.248	8.338	8.46	8.583	8.678	8.731	8.743	8.706	8.63	8.557	8.495	8.427	8.353
352	"Iceland"	4.857	5.171	5.84	6.044	6.229	6.373	6.479	6.55	6.594	6.651	6.787	7.065	7.526	8.167	8.95	9.812	10.719
372	"Ireland"	9.185	12.456	13.718	14.2	14.678	15.125	15.532	15.899	16.184	16.355	16.397	16.345	16.227	16.098	15.997	15.913	15.806
428	"Latvia"	4.826	7.494	10.028	10.764	11.482	12.172	12.804	13.336	13.757	14.085	14.319	14.501	14.716	15.031	15.434	15.851	16.246
440	"Lithuania"	-1.74	1.586	3.14	3.751	4.344	4.924	5.486	6.016	6.5	6.956	7.414	7.938	8.608	9.497	10.611	11.889	13.211
578	"Norway"	13.047	13.672	14.43	14.881	15.318	15.728	16.109	16.459	16.767	17.006	17.161	17.25	17.306	17.346	17.368	17.391	17.421
752	"Sweden"	8.806	9.266	9.964	9.938	9.919	9.922	9.947	9.991	10.043	10.088	10.109	10.098	10.047	9.991	9.979	10.029	10.132
826	"United Kingdom"	5.072	5.596	6.145	6.274	6.385	6.47	6.534	6.579	6.611	6.638	6.663	6.688	6.723	6.786	6.872	6.961	7.046
8	"Albania"	13.149	17.137	19.301	19.51	19.572	19.454	19.273	19.155	19.109	19.09	19.045	18.975	18.93	18.903	18.915	18.987	19.08
70	"Bosnia and Herzegovina"	18.187	17.831	19.285	19.618	19.889	20.097	20.224	20.307	20.369	20.365	20.268	20.059	19.732	19.371	19.06	18.786	18.529
191	"Croatia"	5.058	6.38	6.727	6.853	6.952	7.009	7.019	6.988	6.937	6.904	6.897	6.896	6.898	6.921	7.004	7.154	7.34
300	"Greece"	6.112	7.802	9.538	9.858	10.124	10.283	10.319	10.282	10.249	10.291	10.415	10.596	10.802	11.008	11.207	11.421	11.654
380	"Italy"	5.148	5.816	7.132	7.166	7.165	7.126	7.093	7.098	7.15	7.233	7.315	7.37	7.381	7.365	7.349	7.351	7.368
470	"Malta"	8.816	10.508	10.664	10.781	10.9	11.039	11.196	11.337	11.46	11.559	11.619	11.636	11.633	11.645	11.726	11.889	12.106
499	"Montenegro"	10.965	11.535	11.686	11.816	11.945	12.047	12.115	12.113	12.003	11.814	11.593	11.363	11.166	11.057	11.022	11.005	10.971
620	"Portugal"	9.539	12.222	13.082	13.27	13.49	13.772	14.091	14.398	14.62	14.661	14.527	14.311	14.095	13.953	13.922	13.987	14.086
688	"Serbia"	5.973	6.966	7.167	7.305	7.437	7.568	7.681	7.731	7.699	7.622	7.557	7.526	7.535	7.555	7.575	7.584	7.585
705	"Slovenia"	6.6	7.521	8.123	8.287	8.446	8.605	8.736	8.817	8.857	8.884	8.898	8.91	8.927	8.948	8.957	8.969	8.983
724	"Spain"	7.867	9.931	11.407	11.579	11.792	12.054	12.379	12.757	13.163	13.556	13.889	14.144	14.321	14.455	14.58	14.675	14.748
807	"TFYR Macedonia"	6.857	7.83	9.295	9.394	9.53	9.716	9.945	10.195	10.435	10.628	10.774	10.883	10.921	10.864	10.713	10.495	10.254
40	"Austria"	6.972	7.852	7.659	7.713	7.779	7.864	7.966	8.072	8.162	8.224	8.245	8.224	8.173	8.107	8.043	7.986	7.94
56	"Belgium"	7.432	7.804	8.729	8.903	9.04	9.137	9.209	9.28	9.372	9.492	9.64	9.82	10.012	10.177	10.298	10.4	10.502
250	"France"	5.599	5.828	6.358	6.564	6.765	6.955	7.126	7.27	7.361	7.383	7.36	7.328	7.314	7.336	7.383	7.431	7.471
276	"Germany"	7.105	7.993	7.816	7.849	7.888	7.943	8.009	8.084	8.173	8.269	8.372	8.468	8.527	8.523	8.43	8.254	8.037
442	"Luxembourg"	27.571	29.168	29.997	29.175	28.45	27.844	27.307	26.826	26.448	26.212	26.104	26.094	26.128	26.125	25.98	25.635	25.148
528	"Netherlands"	3.725	4.143	4.721	4.807	4.898	4.989	5.068	5.121	5.155	5.175	5.185	5.185	5.181	5.189	5.218	5.258	5.297
756	"Switzerland"	16.399	16.367	17.311	17.369	17.394	17.421	17.485	17.57	17.644	17.679	17.618	17.418	17.088	16.681	16.304	16.017	15.788
904	"LATIN AMERICA AND THE CARIBBEAN"	0.142	0.297	0.434	0.499	0.562	0.622	0.675	0.72	0.756	0.789	0.827	0.872	0.925	0.987	1.053	1.122	1.192
28	"Antigua and Barbuda"	23.089	23.673	26.916	26.415	25.971	25.601	25.311	25.081	24.959	24.964	25.016	25.118	25.302	25.59	25.959	26.372	26.815
533	"Aruba"	36.859	38.782	39.262	39.037	38.749	38.436	38.151	38.005	38.034	38.083	38.028	37.824	37.615	37.515	37.439	37.302	37.15
44	"Bahamas"	21.631	25.14	27.156	27.103	26.937	26.615	26.234	25.909	25.704	25.692	25.887	26.214	26.533	26.628	26.389	25.929	25.359
52	"Barbados"	7.305	9.169	10.625	11.141	11.616	12.045	12.41	12.696	12.886	12.989	13.015	12.988	12.949	12.932	12.954	13.016	13.09
192	"Cuba"	1.793	2.229	2.622	2.838	3.037	3.211	3.372	3.512	3.611	3.676	3.724	3.743	3.715	3.657	3.603	3.55	3.487
531	"Cura~ASSao"	28.169	33.413	32.448	31.746	31.128	30.596	30.12	29.758	29.563	29.473	29.471	29.524	29.53	29.387	29.141	28.821	28.441
214	"Dominican Republic"	-1.504	-0.904	-0.444	-0.147	0.144	0.422	0.677	0.901	1.085	1.223	1.31	1.351	1.366	1.372	1.384	1.417	1.464
308	"Grenada"	19.866	23.783	30.282	30.053	29.773	29.417	29.015	28.586	28.169	27.902	27.86	27.988	28.242	28.522	28.625	28.478	28.194
312	"Guadeloupe"	11.398	13.856	15.431	15.458	15.534	15.671	15.838	15.995	16.094	16.111	16.095	16.125	16.235	16.389	16.532	16.604	16.609
332	"Haiti"	-1.256	-0.78	-0.218	0.012	0.225	0.417	0.589	0.753	0.911	1.063	1.196	1.309	1.414	1.518	1.626	1.734	1.839
388	"Jamaica"	4.985	8.309	11.564	12.876	14.157	15.422	16.624	17.671	18.479	19.022	19.275	19.296	19.192	19.085	19.043	19.061	19.114
474	"Martinique"	8.46	10.955	12.794	13.272	13.756	14.224	14.568	14.728	14.769	14.744	14.696	14.627	14.532	14.356	14.098	13.824	13.563
630	"Puerto Rico"	2.861	5.133	6.007	6.431	6.842	7.203	7.457	7.592	7.625	7.569	7.453	7.345	7.276	7.258	7.315	7.436	7.592
662	"Saint Lucia"	8.89	12.931	13.899	14.762	15.579	16.295	16.84	17.212	17.454	17.622	17.767	17.905	18.023	18.104	18.115	18.051	17.945
670	"Saint Vincent and the Grenadines"	-1.639	1.224	3.906	5.032	6.129	7.19	8.21	9.16	9.99	10.683	11.315	11.961	12.655	13.357	14.046	14.743	15.462
780	"Trinidad and Tobago"	7.394	8.305	10.331	10.638	10.938	11.204	11.394	11.479	11.468	11.363	11.166	10.947	10.791	10.765	10.877	11.076	11.297
850	"United States Virgin Islands"	38.967	45.002	42.871	42.705	42.567	42.53	42.596	42.682	42.704	42.565	42.322	42.132	42.177	42.414	42.588	42.489	42.252
84	"Belize"	18.561	21.931	23.692	23.487	23.228	22.906	22.601	22.329	22.095	21.822	21.508	21.208	20.939	20.704	20.51	20.334	20.155
188	"Costa Rica"	3.986	4.835	5.243	5.478	5.694	5.886	6.037	6.126	6.161	6.183	6.214	6.241	6.248	6.231	6.194	6.146	6.101
222	"El Salvador"	-4.013	-2.223	-0.42	0.514	1.416	2.258	3.014	3.67	4.238	4.724	5.126	5.453	5.724	5.969	6.202	6.416	6.622
320	"Guatemala"	1.147	1.947	3.338	3.677	3.989	4.252	4.459	4.632	4.794	4.957	5.121	5.271	5.401	5.509	5.59	5.658	5.722
340	"Honduras"	2.428	3.585	4.174	4.43	4.667	4.867	5.027	5.161	5.267	5.337	5.388	5.428	5.452	5.488	5.536	5.556	5.541
484	"Mexico"	2.037	2.252	2.831	3.032	3.233	3.414	3.554	3.643	3.701	3.75	3.797	3.846	3.909	3.996	4.115	4.254	4.395
558	"Nicaragua"	-1.588	-0.049	0.953	1.433	1.886	2.298	2.663	2.99	3.292	3.574	3.842	4.082	4.275	4.414	4.52	4.618	4.716
591	"Panama"	3.44	4.044	4.317	4.45	4.584	4.722	4.858	4.979	5.075	5.149	5.208	5.246	5.255	5.244	5.225	5.202	5.176
32	"Argentina"	3.361	3.632	3.917	3.939	3.948	3.932	3.882	3.813	3.752	3.714	3.704	3.709	3.717	3.725	3.736	3.743	3.751
68	"Bolivia (Plurinational State of)"	0.709	1.153	1.708	1.917	2.114	2.285	2.431	2.556	2.667	2.772	2.886	3.004	3.127	3.256	3.385	3.515	3.647
76	"Brazil"	1.737	2.127	2.312	2.363	2.41	2.452	2.493	2.538	2.592	2.647	2.696	2.73	2.749	2.759	2.77	2.785	2.808
152	"Chile"	4.206	4.494	4.835	5.033	5.224	5.408	5.578	5.721	5.835	5.92	5.978	6.008	6.025	6.037	6.051	6.078	6.115
170	"Colombia"	1.148	1.647	1.968	2.177	2.366	2.524	2.651	2.754	2.841	2.915	2.98	3.039	3.096	3.154	3.216	3.284	3.356
218	"Ecuador"	1.422	1.904	2.394	2.631	2.857	3.054	3.204	3.293	3.335	3.354	3.358	3.357	3.347	3.317	3.264	3.198	3.126
254	"French Guiana"	31.931	38.634	38.178	37.645	37.043	36.388	35.786	35.33	35.02	34.723	34.354	33.968	33.602	33.325	33.196	33.195	33.267
328	"Guyana"	10.458	14.982	19.947	21.566	22.99	24.11	24.968	25.644	26.242	26.768	27.257	27.709	28.153	28.73	29.47	30.313	31.181
600	"Paraguay"	0.031	0.863	2.122	2.484	2.825	3.116	3.343	3.518	3.664	3.795	3.925	4.058	4.189	4.293	4.349	4.356	4.344
604	"Peru"	0.835	1.684	2.099	2.411	2.717	3.002	3.27	3.523	3.754	3.951	4.096	4.184	4.211	4.18	4.1	3.989	3.865
740	"Suriname"	15.877	21.065	24.257	24.28	24.184	23.942	23.667	23.501	23.519	23.712	24.059	24.485	24.965	25.391	25.715	25.956	26.198
858	"Uruguay"	4.454	5.226	5.642	5.981	6.255	6.414	6.446	6.419	6.381	6.353	6.332	6.316	6.301	6.284	6.261	6.212	6.126
862	"Venezuela (Bolivarian Republic of)"	1.583	1.84	2.024	2.003	1.979	1.951	1.919	1.891	1.868	1.847	1.825	1.8	1.778	1.76	1.749	1.741	1.733
905	"NORTHERN AMERICA"	5.823	6.415	6.394	6.502	6.601	6.697	6.799	6.908	7.01	7.078	7.104	7.107	7.115	7.141	7.177	7.21	7.233
124	"Canada"	10.921	11.306	11.265	11.346	11.439	11.557	11.701	11.862	12.046	12.275	12.536	12.817	13.13	13.484	13.86	14.228	14.569
840	"United States of America"	5.892	6.577	6.715	6.809	6.896	6.991	7.103	7.227	7.338	7.399	7.402	7.373	7.345	7.328	7.317	7.306	7.294
909	"OCEANIA"	9.896	11.023	11.788	12.134	12.463	12.734	12.938	13.088	13.184	13.231	13.234	13.233	13.263	13.365	13.55	13.776	14.022
36	"Australia"	16.264	18.267	18.843	19.077	19.287	19.398	19.389	19.322	19.253	19.238	19.311	19.477	19.702	19.969	20.252	20.523	20.786
554	"New Zealand"	9.109	9.611	10.038	10.09	10.104	10.044	9.912	9.747	9.617	9.55	9.533	9.547	9.576	9.623	9.674	9.7	9.723
242	"Fiji"	6.571	11.361	12.237	13.096	13.9	14.558	15.002	15.277	15.499	15.756	16.078	16.451	16.847	17.22	17.54	17.849	18.169
540	"New Caledonia"	13.1	13.619	13.303	13.272	13.223	13.15	13.07	12.972	12.866	12.785	12.735	12.691	12.625	12.513	12.355	12.172	11.991
598	"Papua New Guinea"	1.915	2.284	2.947	3.009	3.054	3.082	3.104	3.118	3.124	3.134	3.167	3.227	3.306	3.406	3.514	3.616	3.713
90	"Solomon Islands"	-1.055	0.738	1.63	2.118	2.589	3.028	3.415	3.746	4.019	4.233	4.387	4.487	4.547	4.586	4.625	4.672	4.728
548	"Vanuatu"	6.285	7.09	7.484	7.424	7.374	7.343	7.349	7.379	7.389	7.351	7.269	7.179	7.103	7.064	7.069	7.1	7.134
316	"Guam"	9.931	11.385	12.983	13.262	13.484	13.655	13.768	13.795	13.729	13.611	13.513	13.475	13.504	13.601	13.762	13.996	14.278
296	"Kiribati"	4.59	7.024	7.724	7.79	7.865	7.94	8.019	8.124	8.283	8.513	8.757	8.945	9.083	9.189	9.262	9.296	9.291
583	"Micronesia (Fed. States of)"	13.838	19.604	26.105	26.963	27.697	28.197	28.398	28.319	28.057	27.738	27.449	27.252	27.24	27.439	27.858	28.466	29.164
258	"French Polynesia"	10.568	12.112	12.899	12.805	12.77	12.78	12.796	12.842	12.931	13.029	13.109	13.154	13.136	13.065	12.955	12.797	12.616
882	"Samoa"	-3.345	0.919	5.811	7.669	9.457	11.137	12.706	14.157	15.44	16.542	17.493	18.311	19.004	19.558	19.992	20.317	20.583
776	"Tonga"	3.589	10.214	15.65	18.328	20.849	22.987	24.543	25.51	26.033	26.235	26.264	26.251	26.293	26.425	26.594	26.721	26.786
