"name"	"country_code"	"2015"	"2020"	"2025"	"2030"	"2035"	"2040"	"2045"	"2050"	"2055"	"2060"	"2065"	"2070"	"2075"	"2080"	"2085"	"2090"	"2095"	"2100"
"WORLD"	900	7348416.351	7792250.83	8222902.068	8634374.386	9022741.702	9406580.938	9759269.794	10124633.776	10458240.619	10790923.006	11114856.371	11407855.793	11694935.197	12031300.235	12309533.332	12611717.606	12941499.311	13236959.043
"AFRICA"	903	1186174.321	1349996.088	1525299.589	1714616.962	1916992.534	2132787.888	2369374.366	2618674.386	2867976.986	3137695.803	3403923.484	3698755.139	3996126.519	4278286.294	4589350.794	4890086.962	5200772.351	5513785.145
"Burundi"	108	11178.921	13847.466	16790.621	20337.112	24281.102	28913.572	33839.827	39014.926	45038.97	52629.991	62328.12	70609.303	81135.695	92940.5	105274.091	116165.298	130867.633	142294.992
"Comoros"	174	788.474	925.417	1061.425	1209.089	1375.268	1530.751	1715.003	1908.507	2100.209	2320.283	2558.888	2770.514	3044.024	3288.158	3478.565	3720.057	3901.933	4127.276
"Djibouti"	262	887.861	1212.686	1504.374	1713.781	1985.244	2245.089	2441.789	2632.061	2828.48	3179.698	3452.493	3712.105	3933.271	4126.239	4494.439	4807.65	5143.68	5346.758
"Eritrea"	232	5227.791	6340.047	7524.76	8809.881	10133.405	11662.434	13414.243	14913.826	16632.313	18522.436	20421.784	23154.466	25257.425	27642.116	30547.498	33322.623	35819.553	38595.378
"Ethiopia"	231	99390.75	117631.58	136797.849	158016.088	181319.128	205481.767	231591.108	257298.96	288337.643	318434.437	344209.069	372700.933	402313.411	437893.17	471434.101	505607.197	529338.589	552326.396
"Kenya"	404	46050.302	52954.436	60258.287	68321.442	76648.655	85688.537	94723.814	104546.579	114428.456	124999.648	136344.738	147382.342	158008.582	168803.919	181158.155	193045.991	206217.968	218056.972
"Madagascar"	450	24235.39	28386.354	33037.99	38396.623	44427.814	51112.804	58688.015	67389.506	77153.159	87417.368	98111.302	109687.584	122107.982	137254.112	152320.015	169070.695	185375.513	202895.915
"Malawi"	454	17215.232	22129.553	26960.004	32377.091	38956.053	46019.369	55017.616	63517.362	73379.677	82989.311	93622.816	103447.368	116266.182	131136.467	143414.811	158983.288	174459.844	186197.25
"Mauritius"	480	1273.212	1324.593	1375.328	1421.142	1463.049	1491.884	1508.333	1512.731	1522.374	1543.609	1545.868	1564.64	1556.99	1529.997	1535.114	1547.549	1540.621	1542.543
"Mayotte"	175	240.015	295.898	355.867	431.054	517.191	623.356	748.931	861.263	989.859	1138.075	1297.181	1433.079	1576.198	1753.112	1876.142	2037.304	2169.21	2341.065
"Mozambique"	508	27977.863	34234.166	41312.044	48531.632	56469.662	64728.92	75082.897	85068.865	96998.75	108989.866	125259.633	141095.458	158168.296	173661.087	197379.176	214005.094	232968.399	254255.457
"Reunion"	638	861.154	940.234	1010.071	1084.957	1163.5	1248.663	1333.216	1430.123	1530.44	1631.208	1719.128	1798.591	1870.967	1977.036	2126.343	2207.58	2345.27	2456.017
"Rwanda"	646	11609.666	15157.863	18630.703	22147.925	25501.442	28750.074	31718.839	36061.521	39549.728	44032.017	48367.658	52240.573	55009.625	60283.941	65462.559	68822.096	71535.284	74978.003
"Seychelles"	690	96.471	105.037	111.752	119.218	126.557	133.824	140.904	148.922	157.31	162.711	169.618	178.145	188.463	197.942	197.99	198.53	203.537	207.052
"Somalia"	706	10787.104	15812.586	20192.898	25067.316	30613.144	36089.015	42568.08	49426.072	59252.189	69929.813	79982.93	90214.28	102102.63	113648.001	129114.067	141518.79	158886.415	176412.944
"South Sudan"	728	12339.812	16509.696	21001.44	25567.538	30313.309	35863.831	42720.653	50320.513	58000.777	65199.205	77187.506	86159.77	98646.782	110044.41	124981.223	136738.329	147870.962	156647.414
"Uganda"	800	39032.383	47062.092	56083.56	65993.995	77268.716	90139.817	104260.558	119751.632	137509.1	157269.389	177969.021	199848.817	222952.85	248007.839	274151.385	305836.975	339752.927	369338.591
"United Republic of Tanzania"	834	53470.42	64028.251	76125.809	90112.443	107271.146	127009.456	149121.033	174781.548	202772.689	233357.561	266753.279	306230.883	347001.875	390010.539	443295.692	497683.556	553253.396	616832.664
"Zambia"	894	16211.767	19109.85	22375.239	26061.931	30325.022	35080.69	40453.166	46210.177	52538.48	59747.147	67702.65	76855.95	86053.244	96371.954	108158.218	119701.999	132585.672	147288.182
"Zimbabwe"	716	15602.751	17878.04	20098.197	22473.99	24961.511	27606.237	30373.785	33230.13	36511.568	39698.364	42157.726	44763.778	48196.701	51737.869	55158.528	58213.88	61568.858	65318.769
"Angola"	24	25021.974	30314.805	36507.881	43197.934	50823.339	60175.253	69955.329	81841.763	93858.188	109263.843	122395.768	141113.165	159600.522	179111.682	203496.929	226994.164	248906.518	276225.878
"Cameroon"	120	23344.179	26657.305	30244.862	34157.332	38340.512	42693.273	47648.144	52538.117	57671.254	63144.896	68507.933	74345.745	80052.05	85775.111	91785.374	97616.184	104253.906	110419.356
"Central African Republic"	140	4900.274	5502.623	6119.356	6741.156	7334.332	7934.053	8541.627	9185.071	9830.081	10420.978	10976.267	11453.287	11813.68	12285.852	12758.016	13156.874	13401.849	13570.654
"Chad"	148	14037.472	16959.479	20243.351	24106.976	28442.999	33210.693	39274.16	45655.25	52465.126	60400.889	69174.524	77867.415	88618.166	100376.024	113128.792	125004.44	138202.449	153419.126
"Congo"	178	4620.33	5382.909	6214.648	7142.552	8217.796	9344.533	10602.928	11901.462	13415.99	14865.524	16634.63	18423.226	20549.581	22767.087	24976.671	27226.934	29879.169	32624.872
"Democratic Republic of the Congo"	180	77266.814	93156.973	111568.258	132030.961	156044.971	182376.559	213938.882	246932.386	287183.506	332614.405	379909.892	424896.491	479955.303	538804.705	603836.708	680744.328	750505.991	842163.42
"Equatorial Guinea"	226	845.06	1177.898	1479.781	1782.296	2050.004	2320.01	2646.921	2988.31	3296.804	3732.029	4094.14	4511.686	4882.938	5454.037	6108.275	6438.104	7367.028	7815.662
"Gabon"	266	1725.292	1960.396	2208.02	2468.525	2760.326	3059.311	3367.306	3702.024	4016.909	4365.9	4747.416	5034.706	5321.197	5641.349	6017.955	6316.027	6685.987	7013.216
"Sao Tome and Principe"	678	190.344	229.732	272.183	327.513	387.926	458.261	535.557	610.616	692.042	756.484	836.371	893.388	987.795	1096.218	1221.49	1379.645	1526.974	1597.435
"Algeria"	12	39666.519	43769.704	47436.717	50818.056	54146.144	57585.838	61086.457	65179.71	68892.497	72307.071	75552.508	78529.389	82028.187	86180.192	88662.924	92035.277	94736.251	98447.008
"Egypt"	818	91508.084	102452.37	113248.463	124606.562	136604.595	149998.942	164982.796	179178.492	195375.773	212718.411	228708.183	245917.581	263353.801	284657.387	302625.93	326368.528	350665.103	373906.218
"Libya"	434	6278.438	6751.964	7189.769	7651.338	8081.878	8648.17	9070.513	9686.944	10189.227	10447.107	11167.68	11706.228	12272.712	13071.699	13786.562	14505.82	14998.089	15112.262
"Morocco"	504	34377.511	37204.27	39849.4	42512.909	44872.723	47008.233	49682.409	51922.408	54071.16	56122.426	58463.317	60689.595	62095.372	63023.742	64475.853	65918.549	66123.868	67227.624
"Sudan"	729	40234.882	47591.075	55289.543	63701.554	72078.668	81700.014	92361.317	103525.634	114134.467	125804.721	139174.503	153840.011	167980.152	179209.833	193927.292	209871.661	225929.307	240296.852
"Tunisia"	788	11253.554	12238.945	13122.66	13986.889	14844.374	15734.714	16590.945	17541.962	18436.294	19569.843	20607.677	21381.083	22241.037	23322.844	23987.392	24463.568	24631.083	25601.594
"Western Sahara"	732	572.54	675.999	740.94	843.492	988.023	1101.158	1223.984	1287.645	1326.324	1465.751	1538.956	1657.241	1721.769	1790.533	1883.774	1977.704	2112.199	2236.488
"Botswana"	72	2262.485	2546.348	2838.447	3109.737	3401.397	3668.843	3945.15	4210.675	4462.994	4714.522	4958.356	5242.411	5460.954	5713.687	5962.521	6231.305	6527.09	6905.145
"Lesotho"	426	2135.022	2338.18	2544.119	2760.23	2995.288	3242.139	3484.465	3801.341	4154.031	4466.91	4857.884	5269.71	5641.67	5970.297	6272.075	6758.587	7084.884	7322.345
"Namibia"	516	2458.83	2886.809	3291.245	3715.044	4131.53	4625.803	5111.584	5694.43	5984.263	6603.858	7032.033	7526.768	7989.81	8540.248	8959.27	9340.428	9737.635	9932.092
"South Africa"	710	54490.406	58971.849	63129.277	67313.04	71462.231	75327.775	78508.168	82333.442	85441.647	88745.483	91512.364	94878.504	97229.532	100660.547	103721.748	105868.483	107731.694	112374.349
"Swaziland"	748	1286.97	1434.765	1566.986	1704.217	1825.511	1958.383	2104.374	2233.225	2363.229	2531.443	2642.165	2794.8	2887.073	2943.161	3106.303	3216.371	3310.27	3421.228
"Benin"	204	10879.829	12661.355	14625.787	16793.396	18995.125	21256.127	23923.758	26684.682	29560.236	32546.123	35870.015	39351.875	42758.735	46657.463	49849.418	54129.585	58251.756	61557.476
"Burkina Faso"	854	18105.57	21240.075	24861.185	28898.506	33588.257	38696.052	44837.934	51442.583	58362.414	66237.962	75357.626	84698.224	95172.514	105808.957	116844.654	127863.255	140984.224	155335.078
"Cabo Verde"	132	520.502	610.939	707.867	799.693	912.083	1032.996	1161.357	1264.186	1383.195	1492.178	1625.855	1683.303	1813.46	1828.824	1947.306	2019.635	2101.165	2156.809
"Cote d'Ivoire"	384	22701.556	26528.148	31031.556	36097.279	41459.786	48545.593	56826.126	65648.466	75671.955	85745.309	98069.389	108728.48	117946.906	130354.441	141514.448	154718.536	168661.518	182707.73
"Gambia"	270	1990.924	2517.9	3038.031	3599.736	4190.06	4910.914	5633.471	6575.009	7673.761	8787.936	10083.232	11345.363	12423.694	13962.64	15636.417	17216.328	18581.251	20209.038
"Ghana"	288	27409.893	32159.447	36987.237	41570.781	47078.728	53174.183	58988.956	65231.389	71948.464	78534.81	86849.837	94808.57	99950.053	107172.301	114795.023	123368.727	131080.101	139882.698
"Guinea"	324	12608.59	15855.324	19006.194	22637.146	26971.96	31972.679	37457.04	43544.283	50228.208	56533.06	66067.607	75332.161	83770.297	93573.512	102149.465	109018.947	115652.923	121540.852
"Guinea-Bissau"	624	1844.325	2113.39	2407.894	2744.263	3095.214	3516.516	3940.468	4398.11	4899.218	5443.564	6004.783	6614.862	7269.76	7901.943	8547.077	9160.737	9807.401	10845.366
"Liberia"	430	4503.438	6013.68	7790.279	9383.197	11116.217	13106.97	14895.881	16788.519	19053.111	21658.998	23840.595	26952.262	27829.055	30827.436	34472.31	36390.479	40069.199	44469.362
"Mali"	466	17599.694	20995.646	25015.655	29700.105	34948.616	41254.927	47847.18	55725.44	64547.22	74426.36	84524.667	97187.667	108646.044	122615.562	135590.102	149098.66	164729.08	179387.156
"Mauritania"	478	4067.564	4670.001	5343.768	6077.059	6878.203	7715.167	8680.484	9718.648	10814.097	11992.811	13291.155	14614.674	16204.264	17760.188	19123.558	20704.441	22422.438	24388.674
"Niger"	562	19899.12	24775.187	30970.2	38759.158	48747.306	61104.294	76375.514	95069.512	117045.028	144713.846	178283.428	213473.991	255770.131	303407.947	368449.729	429410.65	496870.535	567776.232
"Nigeria"	566	182201.962	210965.116	242911.91	279745.785	320633.672	364764.585	414435.355	470190.636	529455.697	597388.817	674923.835	760801.459	852840.74	953614.658	1055656.431	1179827.345	1309751.029	1436232.067
"Senegal"	686	15129.273	18055.951	21295.089	24851.633	28918.009	33667.178	38657.946	44709.113	50897.702	58281.149	66067.786	75076.984	83927.794	94283.815	106114.359	116522.499	129492.008	141726.784
"Sierra Leone"	694	6453.184	7880.468	9426.1	10785.587	12434.643	14204.131	16489.437	17968.387	20187.214	22588.363	25116.804	27704.241	29596.711	32514.257	35488.457	38774.469	40792.471	43783.218
"Togo"	768	7304.578	8807.176	10381.474	11872.499	13596.505	15334.829	17474.007	19521.728	21985.897	24458.747	26542.619	29163.162	31750.058	34601.699	37680.262	41063.141	43885.191	46524.418
"ASIA"	935	4393296.014	4634243.021	4858283.407	5063587.51	5232859.385	5390248.794	5531162.245	5652481.356	5763025.95	5857893.41	5951075.617	6051314.522	6115815.338	6175105.801	6243816.7	6312236.077	6376577.567	6420892.82
"China"	156	1376048.943	1416298.392	1446563.214	1467224.365	1477743.33	1482805.17	1484297.099	1488098.549	1478976.574	1473853.379	1455375.297	1445831.343	1435534.749	1426275.201	1408421.561	1409133.089	1408564.053	1411285.57
"China, Hong Kong SAR"	344	7287.983	8204.541	8906.41	9565.195	10226.756	10826.805	11217.873	11913.342	12454.965	13219.311	13833.027	14219.033	14733.11	15551.765	16143.407	15898.291	16734.553	17386.705
"China, Macao SAR"	446	587.606	734.24	852.739	949.683	1031.274	1086.319	1107.38	1111.33	1118.506	1118.659	1118.117	1109.05	1101.726	1110.63	1117.897	1112.475	1095.194	1099.189
"Dem. People's Republic of Korea"	408	25155.317	26157.573	27087.485	27870.319	28569.278	29199.906	29675.95	30127.314	30701.836	31278.261	31813.541	32296.839	32806.491	33504.854	34176.962	34783.509	35464.11	35870.45
"Japan"	392	126573.481	126876.119	126448.596	125126.661	123951.731	122532.652	121006.323	120000.926	118935.875	118109.984	116927.689	116362.981	116162.718	115828.993	115027.025	116182.416	117679.049	119523.273
"Mongolia"	496	2959.134	3270.785	3551.732	3826.891	4113.87	4408.964	4728.886	5149.818	5483.775	5855.593	6253.821	6701.041	7076.593	7511.902	7973.201	8481.032	9031.818	9315.227
"Republic of Korea"	410	50293.439	52598.965	54600.564	56508.422	58557.914	60275.719	61195.093	61599.996	61788.426	61523.02	61974.828	61948.214	61723.425	63038.658	63558.949	65097.224	65665.902	67205.365
"Other non-specified areas"	158	23381.038	24135.465	24821.35	25368.692	25909.668	26055.872	26044.093	25866.253	26070.471	25787.34	25380.72	25453.314	24620.671	24800.195	24712.132	24485.027	24148.392	24213.328
"Kazakhstan"	398	17625.226	20156.031	22859.108	25445.265	28947.585	32423.905	35762.768	40560.851	45256.488	49956.483	54489.129	60003.494	65734.404	68302.504	71521.09	75975.049	84321.42	90937.299
"Kyrgyzstan"	417	5939.962	6769.623	7589.346	8476.566	9415.445	10425.457	11845.831	13095.111	14591.441	15983.752	17418.681	18657.208	20249.931	22145.76	23883.509	25760.507	27904.266	29321.827
"Tajikistan"	762	8481.855	9947.581	11466.979	12939.481	14470.984	16218.502	17929.778	19916.348	21647.597	23741.366	25745.414	27654.485	29273.183	31927.51	34429.405	36276.197	38601.675	40831.193
"Turkmenistan"	795	5373.502	5920.035	6402.898	6841.11	7276.29	7714.685	8085.14	8463.62	8817.145	9059.665	9416.533	9774.644	9942.439	10131.306	10290.104	10456.6	10934.533	11021.724
"Uzbekistan"	860	29893.488	32992.667	35916.291	38939.037	41983.973	44933.668	48966.66	52290.296	55874.865	59531.828	61890.154	65572.332	67821.433	71530.602	75107.419	77434.935	80804.225	83579.949
"Afghanistan"	4	32526.562	44210.147	56642.978	69531.728	81277.554	90930.166	101984.336	113204.154	123998.617	138475.311	154641.523	166749.078	175052.673	187255.599	196262.713	205532.811	228919.236	242744.481
"Bangladesh"	50	160995.642	175821.622	189370.962	201569.248	214342.776	225645.906	235815.398	246795.824	258003.728	268915.936	280027.166	288867.411	298387.428	305338.561	309870.842	318619.949	325987.548	330520.703
"Bhutan"	64	774.83	914.805	1033.005	1185.033	1349.132	1466.115	1609.214	1678.729	1814.673	1960.959	2042.106	2204.769	2287.145	2439.746	2523.18	2617.499	2573.128	2653.933
"India"	356	1311050.527	1411229.722	1514377.045	1615570.704	1717314.676	1812123.704	1904857.606	2001516.934	2098813.134	2183350.983	2278058.377	2360349.346	2435431.419	2525295.519	2586411.566	2674112.902	2724341.423	2817405.976
"Iran (Islamic Republic of)"	364	79109.272	87365.381	94616.232	102161.102	108288.431	114153.814	121509.869	128573.773	133866.262	137833.164	140675.769	144234.926	146525.126	150950.105	152415.92	155049.738	158672.131	161696.942
"Maldives"	462	363.657	403.822	438.336	468.632	495.645	523.223	548.56	573.99	594.33	611.107	631.264	638.728	656.174	664.978	672.13	685.721	697.62	701.34
"Nepal"	524	28513.7	31135.239	34017.849	36849.388	39812.592	42606.556	46017.448	48573.76	52370.471	55545.997	59435.457	62441.554	65420.123	68558.853	71418.065	74459.319	78000.3	81750.256
"Pakistan"	586	188924.874	212847.849	238032.48	262682.279	287879.692	315499.298	344086.012	375392.458	406484.279	434303.051	466126.6	493068.864	523753.825	551793.207	577311.203	606756.266	636264.253	669088.511
"Sri Lanka"	144	20715.01	21568.508	22339.559	22964.391	23516.572	24143.464	24642.923	25206.408	25489.952	25728.995	26058.15	26792.066	26947.511	26822.445	26755.29	26969.951	27193.066	27363.28
"Brunei Darussalam"	96	423.188	468.744	515.74	564.903	616.294	663.168	724.9	773.907	834.119	893.534	945.669	1002.551	1068.17	1137.779	1173.611	1231.405	1294.326	1373.71
"Cambodia"	116	15577.899	17629.781	19671.725	21813.472	24081.141	26513.742	29410.248	31878.197	34174.885	36616.293	38796.872	41899.073	44154.553	47011.445	49871.99	51352.685	53838.264	56224.649
"Indonesia"	360	257563.815	276204.949	294340.265	312058.278	328866.414	345524.206	360588.524	376568.487	392534.762	408124.34	422993.709	438184.783	451771.851	464383.027	480817.183	495030.623	505610.207	514976.663
"Lao People's Democratic Republic"	418	6802.023	7733.079	8642.224	9539.325	10455.095	11435.777	12420.738	13422.814	14769.017	15709.76	17009.403	17908.5	18825.466	19830.404	20793.033	21663.278	22231.238	23306.025
"Malaysia"	458	30331.007	33317.521	36364.101	39482.898	42597.092	45794.658	48907.659	51925.477	54720.334	58054.936	61843.277	63898.192	66547.923	69771.231	73020.133	76293.24	79793.801	83515.569
"Myanmar"	104	53897.154	57083.38	60306.333	63244.525	66374.361	69145.214	70869.23	73210.159	74455.808	76070.407	78461.456	80245.72	82850.805	83425.916	84634.072	85445.156	87025.009	87261.565
"Philippines"	608	100699.395	110747.276	121002.972	131470.872	141935.584	152635.924	163979.683	175846.224	187226.836	198396.008	210263.897	223452.645	235260.606	247482.156	259861.968	275321.188	288465.741	301043.495
"Singapore"	702	5603.74	6423.409	7296.142	8252.879	9324.492	10345.336	11224.269	12264.281	13188.131	14265.171	15424.006	16754.816	18087.329	19706.852	21441.886	23463.067	25283.534	27669.425
"Thailand"	764	67959.359	70223.607	72165.851	73663.194	74782.442	75499.596	76003.041	76348.171	76389.699	75872.615	75451.835	75346.528	75736.934	76102.106	76870.982	77603.16	77271.922	77642.924
"Timor-Leste"	626	1184.765	1543.148	1951.57	2379.715	2803.52	3320.627	3910.189	4474.674	5312.189	5749.259	6509.085	7353.623	8343.64	9177.922	9650.652	10686.55	11611.447	12132.802
"Viet Nam"	704	93447.601	99641.189	105354.85	110596.256	114715.149	119022.231	122850.585	126256.798	129029.244	131143.392	132240.976	134660.962	135351.848	136690.132	137374.823	139665.77	140407.832	140645.18
"Armenia"	51	3017.712	3300.684	3575.447	3833.488	4104.772	4453.429	4836.797	5290.134	5664.095	6087.236	6464.985	6571.744	6745.905	6840.675	7561.409	7701.557	8058.86	8700.759
"Azerbaijan"	31	9753.968	10489.792	11087.621	11589.353	12113.806	12566.162	13054.213	13552.107	13944.224	14464.609	15029.167	15670.824	16342.043	17101.088	17588.895	18172.363	18849.069	19195.717
"Bahrain"	48	1377.237	1719.585	1979.922	2157.628	2293.099	2403.184	2512.411	2610.097	2662.1	2703.853	2692.707	2761.582	2834.937	2825.572	2927.745	2933.177	3038.443	3073.56
"Cyprus"	196	1165.3	1292.735	1414.01	1564.9	1709.852	1852.727	2034.446	2220.638	2477.381	2693.045	2805.208	3019.11	3282.062	3349.234	3521.425	3724.696	4005.788	4151.981
"Georgia"	268	3999.812	4037.743	4129.634	4180.876	4263.507	4394.169	4550.512	4684.9	4846.365	5109.777	5288.064	5526.976	6008.389	6164.654	6471.655	6832.544	7219.629	7477.054
"Iraq"	368	36423.395	43497.767	52043.201	61526.93	71693.003	82587.745	94778.945	107908.789	121804.923	136476.566	155230.989	171337.766	189455.443	211924.899	233967.531	260512.432	288528.88	316932.809
"Israel"	376	8064.036	9401.217	10871.269	12499.446	14267.355	16303.747	18200.387	19855.581	22426.032	25239.233	28253.677	31044.097	34048.022	37854.979	40325.268	43501.091	47140.058	51584.544
"Jordan"	400	7594.547	10053.469	12642.666	15016.436	17364.241	20229.009	23547.742	25561.481	28031.108	31530.706	34492.669	38001.724	40182.114	42892.86	45901.442	50354.932	51402.618	54565.339
"Kuwait"	414	3892.115	5734.491	7129.685	8329.523	9460.561	10253.341	11078.586	11674.815	12326.302	12552.271	12918.052	13056.089	13636.74	13841.529	14310.414	14920.642	15572.694	16044.542
"Lebanon"	422	5850.743	7221.255	7836.647	8468.225	9848.235	11212.932	13062.654	14627.287	15966.32	17121.864	18495.098	20236.683	21641.114	23140.591	25259.258	26440.896	28239.724	30969.02
"Oman"	512	4490.541	6991.336	9225.069	11268.803	13037.789	14574.696	15833.474	16835.009	17174.695	17495.14	17874.981	18110.873	18475.754	18251.392	18645.843	18575.582	18319.797	18891.82
"Qatar"	634	2235.355	3689.235	4908.454	5779.829	6501.081	7196.343	8018.277	8414.304	9065.069	9189.393	9770.243	10057.173	10007.996	10079.591	10381.333	10431.295	10859.168	11010.032
"Saudi Arabia"	682	31540.372	36585.526	41068.099	45404.979	49257.025	53128.879	56417.526	59459.614	60834.393	62811.377	64782.528	65637.358	67589.812	68268.05	70512.448	71592.404	73227.811	73760.364
"State of Palestine"	275	4668.466	6075.697	7751.295	9610.054	11625.792	13668.775	15812.885	18127.984	20224.412	22574.367	25133.506	28556.528	30953.138	32685.606	34478.596	37280.213	39653.081	42562.054
"Syrian Arab Republic"	760	18502.413	21267.317	24000.78	27191.974	29678.072	32509.349	36318.132	40343.101	43039.807	46257.195	50630.824	55455.274	57267.761	59828.801	62380.443	65495.219	69903.013	72054.716
"Turkey"	792	78665.83	86341.686	94189.335	102246.83	111057.553	119427.435	129183.335	138782.487	147359.735	157144.96	167066.477	175753.764	185200.095	196010.282	207660.58	220142.058	233406.85	244526.588
"United Arab Emirates"	784	9156.963	14744.763	19197.834	23013.838	26566.792	27902.309	30171.762	32256.476	35064.709	37331.265	38138.078	40384.916	41613.321	42308.117	42928.778	44661.118	45906.711	47042.443
"Yemen"	887	26832.215	31757.652	36652.615	41999.891	47851.347	53635.925	60284.095	64534.218	70182.19	75232.973	82288.891	85712.709	88614.784	91326.254	95839.2	98687.156	100067.355	98297.186
"EUROPE"	908	738095.558	742755.054	745621.517	746290.992	746300.578	744409.134	743888.801	745438.764	745459.904	746448.305	745481.371	745156.292	744157.226	752187.875	763499.272	773005.635	786610.353	795869.394
"Belarus"	112	9495.826	9597.103	9681.003	9735.549	9782.935	9802.16	9913.792	9953.583	10039.609	10116.319	10151.166	10135.512	10260.527	10517.365	10763.692	10991.882	11200.542	11527.866
"Bulgaria"	100	7149.787	7037.373	6893.282	6768.399	6655.06	6526.099	6536.118	6470.618	6411.197	6316.923	6197.42	6125.964	6045.602	6126.505	6246.486	6330.557	6387.927	6505.15
"Czech Republic"	203	10543.186	10753.824	10861.887	10911.718	10914.745	10949.054	10985.059	11010.949	11139.382	11184.815	11146.617	11118.388	11123.943	11273.582	11407.965	11598.738	11823.915	11867.332
"Hungary"	348	9855.023	9874.861	9836.361	9794.656	9730.392	9675.194	9522.027	9440.922	9400.174	9300.879	9274.202	9212.5	9159.043	9227.17	9209.537	9248.952	9245.871	9365.336
"Poland"	616	38611.794	38894.379	38907.458	38614.959	38158.477	37561.459	36854.79	36251.262	35783.365	35182.778	34656.354	34098.221	33133.015	32912.949	32438.851	31597.489	31545.209	31743.365
"Republic of Moldova"	498	4068.897	4162.848	4248.516	4337.919	4394.864	4438.503	4502.021	4605.406	4711.02	4749.355	4805.436	4878.625	4897.881	5020.852	5111.486	5206.836	5289.419	5487.666
"Romania"	642	19511.324	19136.097	18724.216	18425.595	18117.775	17838.051	17556.097	17366.707	17118.464	16860.113	16713.709	16397.602	16472.962	16302.158	16618.003	16410.402	16434.055	16755.988
"Russian Federation"	643	143456.918	144969.267	145938.697	147028.409	147020.332	147917.054	150730.443	153156.042	155755.452	159969.755	164578.487	168289.056	171899.376	178328.36	186510.788	195652.777	204238.456	211578.655
"Slovakia"	703	5426.258	5488.542	5514.203	5485.747	5441.883	5372.542	5303.963	5219.016	5117.742	5037.027	4954.592	4848.791	4763.174	4663.971	4607.61	4568.967	4562.902	4606.403
"Ukraine"	804	44823.765	44541.648	44156.6	43606.837	42887.702	42339.405	42014.252	41706.011	41586.977	41386.216	40806.238	40235.915	40415.438	40549.755	41078.514	41731.131	42044.522	42233.304
"Channel Islands"	830	163.692	171.673	179.837	187.853	195.741	204.916	214.528	224.094	233.251	247.045	262.219	272.722	295.056	308.826	331.222	344.74	361.044	377.953
"Denmark"	208	5669.081	5859.078	6079.13	6321.125	6581.036	6799.581	7019.09	7253.366	7569.93	7801.543	8115.009	8498.098	8887.262	9319.997	9752.681	10197.391	10554.968	11019.572
"Estonia"	233	1312.558	1361.794	1394.361	1422.674	1449.033	1490.048	1507.018	1537.751	1581.702	1618.18	1678.586	1730.67	1759.869	1824.243	1854.953	1884.865	1976.866	2019.703
"Finland"	246	5503.457	5725.346	5949.217	6169.169	6425.241	6571.44	6816.516	7139.633	7374.023	7623.623	7941.19	8269.823	8522.859	8946.804	9288.846	9544.882	9867.777	10151.296
"Iceland"	352	329.425	349.054	366.955	384.613	400.918	415.461	430.264	445.502	458.14	472.32	490.609	508.585	527.901	548.655	552.592	580.824	596.96	609.52
"Ireland"	372	4688.465	5060.28	5454.227	5852.007	6209.676	6633.472	7026.086	7583.007	8025.891	8378.629	8948.094	9480.729	10171.233	11003.142	11362.947	12101.717	12546.041	12834.568
"Latvia"	428	1970.503	1967.566	1962.898	1962.356	1990.277	2057.437	2118.501	2158.046	2269.714	2326.669	2366.187	2403.518	2505.111	2639.182	2736.169	2827.044	2887.896	3110.191
"Lithuania"	440	2878.405	2767.451	2696.665	2652.673	2597.124	2535.33	2521.886	2515.562	2505.586	2458.509	2442.789	2423.044	2475.963	2493.355	2588.783	2570.385	2638.297	2725.149
"Norway"	578	5210.967	5655.956	6153.296	6726.144	7361.709	8063.191	8808.307	9599.724	10593.158	11765.11	13058.906	14571.134	16125.628	17923.653	20062.23	22324.651	24841.92	27581.749
"Sweden"	752	9779.426	10367.492	10989.819	11682.958	12361.201	13121.857	14024.89	14949.398	16003.7	17220.853	18414.387	19256.271	20428.884	21956.109	23463.835	24909.962	26420.404	28029.133
"United Kingdom"	826	64715.81	67455.515	70308.413	73243.735	76118.715	78938.116	81972.779	84945.416	87889.823	91602.686	95427.73	99641.37	103759.406	109513.029	113407.641	119347.186	124109.21	129733.786
"Albania"	8	2896.679	3176.476	3449.409	3812.691	4017.778	4353.238	4648.827	4873.017	5031.52	5264.38	5482.297	5731.493	6034.351	6438.082	6936.602	6982.642	7259.585	7367.665
"Bosnia and Herzegovina"	70	3810.416	4102.511	4221.222	4404.327	4554.376	4698.936	4908.959	5011.674	5009.878	5147.964	5264.243	5425.499	5506.458	5773.004	5696.886	5711.54	5751.096	5711.828
"Croatia"	191	4240.317	4272.302	4281.386	4293.135	4299.932	4351.546	4360.514	4344.7	4353.868	4361.159	4377.488	4382.057	4373.804	4357.787	4352.297	4379.041	4371.896	4471.276
"Greece"	300	10954.617	11132.396	11251.732	11376.786	11558.093	11767.542	12146.23	12338.963	12579.025	12716.854	13074.659	13395.53	13427.335	13902.236	14045.813	14575.032	14805.609	15458.715
"Italy"	380	59797.685	60710.233	61558.642	62486.474	63683.147	65133.548	66652.621	68235.653	69416.462	70514.868	71261.277	72618.602	74691.256	77165.444	80341.508	81743.519	84237.633	86590.435
"Malta"	470	418.67	435.766	454.58	481.225	505.143	525.868	541.124	561.085	588.779	614.126	635.271	664.706	690.646	715.783	750.975	793.137	826.393	866.578
"Montenegro"	499	625.781	663.334	688.868	705.572	722.637	738.692	753.799	756.34	795.735	816.879	830.577	833.879	814.202	801.346	821.783	816.354	808.914	802.772
"Portugal"	620	10349.803	10681.653	11046.127	11265.215	11583.954	11892.775	12132.316	12587.972	12975.466	13023.414	13368.827	13681.402	13958.093	14140.786	14528.901	14889.561	15230.857	15760.185
"Serbia"	688	8850.975	8998.392	9060.123	9104.854	9097.252	9116.082	9190.967	9249.897	9184.064	9282.531	9359.866	9538.934	9522.903	9591.877	9432.431	9573.882	9680.643	9622.549
"Slovenia"	705	2067.526	2136.307	2190.946	2254.52	2306.172	2355.151	2417.526	2456.604	2524.604	2567.139	2598.905	2632.024	2711.271	2810.267	2851.467	2944.017	3090.077	3266.549
"Spain"	724	46121.699	47757.481	49416.316	51093.571	52234.536	53874.291	56182.629	57467.408	58899.606	59585.297	62291.564	64624.993	67699.042	72166.325	75320.826	78164.47	83169.958	85506.062
"TFYR Macedonia"	807	2078.453	2166.732	2231.829	2300.255	2366.919	2437.522	2537.47	2583.553	2666.635	2731.566	2781.934	2779.497	2973.393	3027.702	3138.146	3264.696	3320.547	3350.458
"Austria"	40	8544.586	8852.104	9173.437	9475.472	9802.062	10102.565	10429.389	10663.737	10949.072	11227.746	11644.198	11944.696	12489.064	12807.229	13193.976	13734.983	14363.028	14454.631
"Belgium"	56	11299.192	11822.797	12353.737	12928.497	13535.184	14230.039	14968.212	15765.004	16677.235	17532.938	18464.327	19471.964	20833.753	22174.989	23561.321	25105.749	26897.563	28705.148
"France"	250	64395.345	67160.673	69728.003	72489.576	75865.588	78720.114	81669.433	85078.216	88687.627	92626.449	97533.404	102058.565	106540.364	110606.547	115773.915	123421.021	127753.909	132123.045
"Germany"	276	80688.545	82531.62	84210.285	85928.011	87253.579	88527.049	89686.752	90433.744	91036.143	91867.935	94047.92	96359.008	99069.287	100943.626	102723.262	105799.852	109401.892	111103.813
"Luxembourg"	442	567.11	656.366	764.387	907.328	1040.368	1186.964	1346.32	1552.545	1783.823	2034.442	2353.43	2729.357	3140.529	3666.357	4228.881	4917.233	5616.344	6355.194
"Netherlands"	528	16924.929	17410.023	17921.367	18430.356	18960.395	19396.638	19802.975	20206.352	20576.023	21096.991	21787.457	22622.413	23519.032	24370.673	25348.046	26448.436	27214.62	28021.308
"Switzerland"	756	8298.663	9063.932	9874.427	10715.501	11818.906	12864.212	13936.944	15369.818	16759.029	18011.965	19858.498	22231.462	24499.138	26135.846	28538.111	30921.497	33327.622	35685.302
"LATIN AMERICA AND THE CARIBBEAN"	904	634047.644	671686.62	705817.591	738584.564	767472.31	795531.221	818355.517	838252.482	856804.028	870520.271	879388.016	886450.247	893343.075	901066.382	904313.911	906430.871	911026.664	914218.787
"Antigua and Barbuda"	28	91.818	107.256	121.765	138.687	158.796	180.67	199.531	220.902	242.131	255.698	272.285	285.993	300.406	310.093	328.043	350.616	375.027	389.461
"Aruba"	533	103.889	123.547	138.938	153.607	169.13	180.17	196.689	206.041	218.228	229.739	236.803	243.168	258.509	277.978	278.079	287.445	290.275	313.582
"Bahamas"	44	388.019	448.077	515.176	587.182	661.262	761.909	855.247	949.949	1036.163	1124.196	1240.288	1337.938	1464.375	1623.211	1723.386	1822.544	2038.454	2133.885
"Barbados"	52	284.215	296.019	308.947	323.956	344.32	365.255	388.209	418.516	442.851	470.518	493.919	538.562	581.094	619.586	655.437	683.979	710.896	763.541
"Cuba"	192	11389.562	11601.498	11727.745	11868.111	11837.396	11782.187	11685.641	11591.669	11416.387	11295.894	11068.728	10954.792	10747.235	10833.215	10718.402	10571.804	10466.756	10195.076
"Curacao"	531	157.203	183.071	211.558	248.062	277.384	307.584	336.542	369.16	406.567	434.261	476.52	515.819	541.587	595.571	628.415	717.997	760.354	778.032
"Dominican Republic"	214	10528.391	11294.449	12003.114	12687.271	13360.079	13980.353	14657.126	15331.219	15958.343	16425.227	16855.841	17187.867	17563.853	18021.057	18383.414	18612.099	18785.612	18642.393
"Grenada"	308	106.825	124.249	140.893	166.205	192.834	221.172	252.651	267.28	278.442	297.262	312.908	338.77	350.215	371.298	425.723	459.193	468.337	474.442
"Guadeloupe"	312	468.45	507.817	550.419	594.621	645.27	692.799	730.734	778.383	812.304	878.74	939.542	1025.757	1117.618	1203.855	1307.131	1316.904	1428.411	1435.16
"Haiti"	332	10711.067	11624.542	12529.329	13404.211	14366.016	15301.662	16292.398	17113.006	18051.307	18859.125	19726.933	20524.388	21243.828	21966.049	22600.589	23198.244	23618.576	24176.705
"Jamaica"	388	2793.335	3019.806	3250.532	3507.172	3790.576	4050.06	4419.892	4730.166	5103.315	5605.767	6288.441	6939.731	7465.27	8083.837	8966.505	9512.742	10101.479	10403.949
"Martinique"	474	396.425	417.499	435.665	455.13	483.193	508.176	537.841	559.786	601.47	627.192	669.82	696.632	728.242	745.114	771.164	794.436	862.908	882.147
"Puerto Rico"	630	3683.238	3806.811	3931.687	4013.554	4126.551	4175.983	4271.472	4380.499	4515.761	4537.376	4569.09	4634.068	4734.94	4704.146	4701.689	4659.31	4693.765	4712.998
"Saint Lucia"	662	184.999	200.342	218.581	236.717	258.013	279.746	301.738	329.175	355.412	380.782	418.638	459.538	504.325	546.098	572.449	605.167	634.507	682.435
"Saint Vincent and the Grenadines"	670	109.462	113.027	117.117	121.767	125.618	133.203	137.632	143.205	149.771	154.382	163.885	174.191	184.829	195.622	212.19	231.646	254.269	272.184
"Trinidad and Tobago"	780	1360.088	1432.44	1509.764	1583.644	1665.315	1720.897	1795.159	1867.538	1942.181	2043.252	2193.899	2299.109	2406.132	2493.917	2614.729	2664.599	2778.476	2870.996
"United States Virgin Islands"	850	106.291	129.227	150.706	173.234	196.688	211.167	221.534	235.617	260.047	269.152	296.829	311.528	344.721	352.463	363.681	402.319	434.826	442.443
"Belize"	84	359.287	426.086	500.852	575.633	656.706	757.646	883.614	985.12	1082.44	1160.746	1235.446	1262.103	1330.845	1410.792	1494.718	1584.114	1734.825	1879.087
"Costa Rica"	188	4807.85	5149.093	5464.194	5775.169	6090.003	6363.23	6605.367	6857.414	7124.164	7368.995	7606.944	7835.101	8089.963	8323.12	8584.635	8792.936	9003.968	9208.692
"El Salvador"	222	6126.583	6362.27	6575.609	6772.499	6972.393	7172.3	7356.128	7602.011	7837.661	7992.358	8076.569	8278.798	8391.478	8653.86	8913.516	9243.017	9443.729	9637.313
"Guatemala"	320	16342.897	18418.572	20663.123	22993.19	25412.553	27984.119	30685.525	33425.88	36132.568	39254.162	42641.646	45651.534	48605.196	51625.512	54714.546	57807.336	60593.204	64473.224
"Honduras"	340	8075.06	8874.131	9659.428	10461.524	11222.806	11899.126	12642.659	13239.294	13843.384	14274.863	14661.365	14918.359	15502.572	15903.113	16213.95	16312.484	16561.299	16529.384
"Mexico"	484	127017.224	137284.549	147385.879	157049.372	165408.714	173987.324	181409.491	188568.065	193323.825	200440.343	207036.319	208145.59	211505.925	214921.176	217287.216	221553.731	224741.858	227959.093
"Nicaragua"	558	6082.032	6519.524	6945.149	7354.737	7772.972	8149.272	8538.274	8827.244	9152.596	9466.916	9776.874	9992.405	10173.485	10476.72	10755.811	11144.9	11347.978	11631.821
"Panama"	591	3929.141	4301.781	4677.466	5052.015	5452.545	5856.977	6252.294	6639.329	7056.642	7466.172	7870.006	8271.031	8727.289	9187.162	9623.05	10039.102	10418.443	10863.451
"Argentina"	32	43416.755	46411.155	49440.473	52446.753	55426.337	58360.582	61696.699	65307.992	68649.798	72086.639	75195.685	78803.707	82437.906	86467.944	89140.666	92060.656	96311.98	100043.555
"Bolivia (Plurinational State of)"	68	10724.705	11766.217	12847.476	14007.519	15200.446	16408.904	17783.842	19290.458	20754.897	22205.089	23612.477	25138.24	26734.855	28123.765	29703.928	30886.36	32384.281	33775.547
"Brazil"	76	207847.528	219176.216	230070.537	240450.494	249303.996	258125.03	266669.384	273018.884	279988.671	285543.256	290230.807	296507.377	300462.199	304203.62	308481.091	310424.955	314758.989	320047.845
"Chile"	152	17948.141	19097.79	20236.459	21331.471	22435.815	23539.538	24545.978	25619.249	26653.348	27625.482	28675.988	29758.703	30746.592	31599.345	32733.387	33981.939	35304.891	36341.641
"Colombia"	170	48228.704	51002.582	53580.973	55954.971	58203.062	60080.911	61733.846	63211.068	64842.703	66272.727	67611.412	68782.384	69787.164	70682.803	71719.665	73113.635	73914.953	75004.697
"Ecuador"	218	16144.363	17614.867	19121.368	20577.822	22047.183	23537.887	24944.497	26376.018	27876.233	29308.799	30776.941	32185.746	33410.643	34655.43	35764.754	37070.249	37933.052	38692.833
"French Guiana"	254	268.606	340.632	431.241	535.74	653.024	800.648	945.252	1064.052	1239.822	1371.904	1591.447	1818.849	2041.529	2320.824	2532.517	2809.264	2992.826	3183.357
"Guyana"	328	767.085	853.428	960.392	1077.994	1229.035	1394.156	1531.897	1685.362	1969.03	2133.115	2418.849	2635.093	2821.932	3124.926	3421.553	3609.762	3848.642	4246.186
"Paraguay"	600	6639.123	7203.542	7776.495	8346.603	8925.127	9457.452	10042.324	10601.921	11171.406	11640.187	12025.44	12494.648	12896.759	13311.857	13670.267	14141.81	14622.03	14929.476
"Peru"	604	31376.67	33856.574	36309.943	38554.046	40823.46	43029.111	45586.225	47521.772	49473.857	51298.555	53219.076	55171.2	56913.645	58473.927	59660.942	61983.827	63792.426	64903.849
"Suriname"	740	542.975	614.673	699.83	800.441	906.882	1034.353	1149.476	1292.301	1413.845	1522.73	1659.775	1799.087	1925.596	2066.536	2211.425	2381.362	2469.145	2655.958
"Uruguay"	858	3431.555	3594.657	3745.442	3890.219	4033.243	4175.69	4293.376	4392.498	4512.928	4616.704	4734.43	4837.361	4910.935	5014.014	5029.584	5118.659	5256.885	5267.083
"Venezuela (Bolivarian Republic of)"	862	31108.083	33662.78	36094.869	38579.934	41034.462	43312.386	45775.308	48001.512	49997.836	52051.259	54022.902	55878.408	57171.62	59152.438	61169.656	63221.454	64772.864	66168.389
"NORTHERN AMERICA"	905	357713.558	375599.308	393990.521	412470.54	431242.96	450493.756	467919.576	485800.117	503392.806	524240.586	545463.812	570028.487	597448.434	624234.419	656011.407	681208.726	722770.154	761729.942
"Canada"	124	35939.927	38424.262	40871.861	43531.688	46139.139	48318.036	50999.821	54280.287	57911.621	61337.139	66320.93	68896.262	73569.654	79116.96	83150.565	90120.23	95565.743	99043.684
"United States of America"	840	321773.631	338121.192	354927.436	372135.366	389267.199	406312.915	424626.586	439889.777	458850.174	475782.992	500343.782	524677.215	552784.319	578145.48	602783.967	635284.478	670014.492	701796.657
"OCEANIA"	909	39089.256	42915.914	47017.358	51566.735	56512.666	62094.516	68632.146	75869.701	83105.404	92065.056	100408.721	108238.09	114577.358	123594.003	132703.07	139846.235	155984.546	175359.733
"Australia"	36	23968.973	26657.349	29755.175	33171.343	37137.498	41487.803	46900.904	52842.996	59850.725	67904.55	76116.35	83054.459	88047.491	97752.12	106196.383	112709.733	125709.217	140153.893
"New Zealand"	554	4528.526	4879.073	5188.243	5464.96	5769.18	6061.121	6318.922	6595.581	6840.382	7082.759	7358.56	7699.32	8011.21	8180.334	8584.566	8966.94	9373.731	9740.388
"Fiji"	242	892.145	980.44	1075.658	1162.91	1288.933	1403.867	1483.694	1575.584	1710.178	1838.641	1980.613	2219.635	2333.585	2474.218	2694.493	2835.595	3011.764	3260.321
"New Caledonia"	540	263.118	291.492	317.476	342.457	367.739	390.837	410.668	436.496	462.57	484.651	506.933	532.616	553.91	586.373	623.796	628.251	647.342	683.043
"Papua New Guinea"	598	7619.321	8570.98	9559.645	10619.485	11736.338	12932.49	14116.079	15244.236	16498.67	17868.22	19172.315	20615.387	22000.723	23399.951	24924.636	26435.878	28209.634	29794.088
"Solomon Islands"	90	583.591	655.75	731.678	815.003	906.916	1010.022	1108.95	1225.358	1347.38	1477.403	1614.221	1751.698	1897.378	2016.148	2100.644	2253.313	2415.128	2544.721
"Vanuatu"	548	264.652	302.962	343.945	385.18	429.488	476.385	525.177	570.878	618.699	683.461	743.193	808.59	876.385	937.524	1006.945	1065.04	1128.46	1197.261
"Guam"	316	169.885	188.629	209.231	232.179	253.374	276.08	297.449	327.961	352.716	374.239	397.16	430.868	482.78	521.112	556.358	575.673	590.896	613.585
"Kiribati"	296	112.423	128.113	143.905	161.068	177.709	196.369	217.914	240.379	262.869	289.056	307.866	327.107	350.796	377.781	411.992	443.268	476.566	514.422
"Micronesia (Fed. States of)"	583	104.46	122.194	142.644	165.904	192.913	222.267	255.644	287.884	329.009	353.277	379.463	406.042	426.246	454.104	465.969	504.523	513.539	575.263
"French Polynesia"	258	282.764	312.281	340.447	372.886	397.98	421.36	454.471	483.244	508.534	537.173	573.109	596.575	638.28	658.631	698.602	724.395	777.245	797.021
"Samoa"	882	193.228	211.589	233.18	261.33	296.423	338.031	378.95	421.581	472.525	532.381	611.204	697.85	806.738	918.777	1027.426	1173.834	1286.693	1407.65
"Tonga"	776	106.17	118.651	134.09	154.688	176.603	208.48	246.488	288.381	344.158	402.624	452.433	510.111	565.682	639.966	692.889	769.128	871.932	955.637
