"name"	"country_code"	"2015"	"2020"	"2025"	"2030"	"2035"	"2040"	"2045"	"2050"	"2055"	"2060"	"2065"	"2070"	"2075"	"2080"	"2085"	"2090"	"2095"	"2100"
"WORLD"	900	7348416.351	7716224.144	8055451.432	8357153.945	8630021.526	8879948.358	9092003.095	9265573.313	9413954.32	9517868.954	9604860.067	9654048.68	9700458.848	9715498.814	9734181.221	9725696.811	9674937.629	9637640.517
"AFRICA"	903	1186174.321	1327517.253	1475279.706	1629895.245	1788188.885	1946401.907	2102271.054	2256917.117	2398326.512	2535442.086	2671905.173	2793833.155	2911733.13	3020231.84	3122656.994	3202253.123	3283436.271	3333134.701
"Burundi"	108	11178.921	12182.904	13206.701	14049.306	14775.289	15609.1	16143.378	16713.119	17359.396	17468.683	17381.028	17334.871	16931.097	17132.427	17182.817	16901.592	16507.144	15898.455
"Comoros"	174	788.474	843.973	906.2	959.094	1006.743	1051.244	1091.73	1115.138	1133.293	1140.748	1139.49	1134.936	1102.813	1084.344	1048.479	997.481	975.432	943.407
"Djibouti"	262	887.861	738.223	675.453	642.682	632.37	608.624	588.49	562.129	534.404	514.954	450.606	429.877	418.848	380.649	333.608	304.972	286.29	276.606
"Eritrea"	232	5227.791	5355.934	5494.978	5652.118	5923.643	6264.936	6255.807	6370.324	6376.337	6312.059	6310.876	6065.863	6022.191	5857.829	5806.727	5565.083	5396.343	5141.735
"Ethiopia"	231	99390.75	107026.009	114989.701	123017.144	129436.26	134872.199	141831.51	146007.653	148815.314	148379.308	148058.853	146762.558	146280.052	139868.901	141092.504	134716.598	128311.427	120768.469
"Kenya"	404	46050.302	50894.619	55511.364	60025.402	64324.485	67883.583	71242.176	74118.817	75885.215	77671.032	78295.186	77651.609	76448.423	75253.553	73761.226	70834.316	67754.996	63941.163
"Madagascar"	450	24235.39	27311.028	30548.162	33785.965	37067.961	40333.155	43311.741	46066.4	48725.542	51425.054	53803.88	55693.071	57564.615	59119.268	59390.489	59618.613	59793.846	59609.328
"Malawi"	454	17215.232	17996.665	19317.476	21193.805	22918.05	24457.817	26479.865	27894.158	29940.208	31140.389	32077.352	33038.125	34106.952	34363.192	34747.484	34784.444	34669.071	34095.841
"Mauritius"	480	1273.212	1239.688	1200.187	1148.846	1091.883	1028.911	951.071	877.216	801.367	726.868	652.465	581.709	521.286	457.962	399.651	343.705	300.454	258.162
"Mayotte"	175	240.015	248.21	254.63	254.837	261.387	257.255	261.732	260.374	256.386	257.286	256.847	248.888	253.6	240.965	229.844	222.675	208.78	202.411
"Mozambique"	508	27977.863	29485.744	32127.773	35107.849	37470.62	40507.517	43036.953	45684.605	47519.75	48399.161	50463.298	49877.101	50495.227	51433.369	51239.984	51502.661	50499.412	48718.742
"Reunion"	638	861.154	846.269	844.965	833.44	822.989	799.97	770.179	742.163	711.212	678.771	638.217	591.165	550.072	510.697	472.049	436.355	396.794	366.28
"Rwanda"	646	11609.666	10510.691	11040.068	11217.702	11542.179	12297.494	12529.651	12560.085	12400.337	12544.895	12390.837	12430.069	12259.075	12343.776	11980.905	11490.331	11001.962	10606.976
"Seychelles"	690	96.471	93.614	90.415	87.349	83.647	79.472	76.826	72.486	67.54	62.124	57.484	53.616	49.769	46.261	43.225	39.712	37.149	34.869
"Somalia"	706	10787.104	9577.464	10263.368	11119.556	11988.771	12657.884	13492.098	14142.023	14570.418	14610.592	15486.489	15526.79	15156.16	14541.718	14375.231	14265.315	14084.892	13651.353
"South Sudan"	728	12339.812	12378.103	12826.521	12971.384	13447.017	13757.496	14099.463	13904.846	14200.366	14161.088	13487.984	13456.756	13519.097	13252.669	13176.193	12403.768	12141.435	11426.52
"Uganda"	800	39032.383	44254.433	49777.333	54960.688	59499.157	63676.552	67296.71	69644.779	71908.025	73386.82	73811.211	73113.759	72743.606	72289.999	70823.055	69283.55	66563.121	64367.704
"United Republic of Tanzania"	834	53470.42	60935.957	69077.442	77985.632	87231.127	97048.379	106468.354	115836.914	124947.627	132378.793	138751.717	144799.757	150757.028	154131.281	159269.743	163726.03	165300.035	167233.563
"Zambia"	894	16211.767	18345.471	20558.372	22955.077	25358.545	27641.988	29634.141	31631.389	32985.275	34295.373	35374.429	36611.633	37012.755	36756.246	36185.446	35292.309	34782.113	34234.927
"Zimbabwe"	716	15602.751	16611.007	17488.331	18190.76	18735.805	19261.872	19484.946	19798.156	19592.083	19300.908	18720.632	17925.235	17635.785	16649.821	15989.089	15157.722	14696.353	13804.019
"Angola"	24	25021.974	27998.532	31156.428	34391.352	37427.048	39682.6	41457.155	42759.185	44445.283	45178.507	46168.35	47619.404	47693.583	46695.618	46397.088	45054.217	44335.687	43073.068
"Cameroon"	120	23344.179	25683.85	27899.642	29908.683	31658.842	33207.749	34517.57	35467.438	36086.753	36529.802	36293.432	35391.199	34805.152	33637.34	32184.595	30791.83	29660.333	28337.531
"Central African Republic"	140	4900.274	5192.642	5445.36	5623.062	5755.204	5840.659	5895.534	5790.253	5592.418	5452.633	5323.44	5079.338	4817.822	4496.873	4152.843	3891.53	3566.986	3272.035
"Chad"	148	14037.472	15790.191	17574.246	19210.98	20681.442	21655.51	22568.672	23260.186	24033.426	24280.818	24619.717	24941.645	24705.399	24203.344	23290.399	22965.318	22129.224	20791.416
"Congo"	178	4620.33	5113.309	5629.532	6182.52	6749.111	7250.633	7736.982	8128.583	8640.647	8917.55	9195.778	9383.309	9431.867	9438.831	9378.484	9434.935	9126.323	8945.463
"Democratic Republic of the Congo"	180	77266.814	87091.875	97508.807	107801.895	118585.939	129502.124	139601.254	147828.652	156147.08	163607.561	168446.085	171663.309	175183.187	178676.979	177537.025	179504.711	175773.427	172935.376
"Equatorial Guinea"	226	845.06	740.243	708.064	721.06	754.953	777.622	797.976	804.426	829.155	833.474	859.076	820.684	822.33	770.589	767.917	746.524	730.614	705.738
"Gabon"	266	1725.292	1866.307	2001.13	2115.028	2222.978	2324.996	2409.259	2452.618	2480.857	2480.876	2462.858	2420.78	2384.47	2309.936	2163.343	2065.352	1973.239	1885.137
"Sao Tome and Principe"	678	190.344	192.507	197.506	202.209	201.559	204.855	205.08	205.003	206.606	204.21	201.611	196.732	185.321	181.198	171.418	163.904	159.52	149.174
"Algeria"	12	39666.519	41900.181	43579.347	44731.439	45545.774	45793.94	45981.388	45817.228	45673.042	45111.157	43801.203	42389.808	40698.273	39131.111	37129.922	35158.452	33508.45	31775.804
"Egypt"	818	91508.084	98268.685	104265.32	109465.354	114291.904	118771.347	122437.444	124376.793	125069.859	125185.579	125622.306	122907.777	120266.729	118965.478	115646.286	110160.077	105582.703	101592.001
"Libya"	434	6278.438	5888.662	5490.67	5065.703	4617.007	4228.872	3902.04	3533.077	3368.453	3353.049	3356.326	3357.075	3358.471	3362.992	3356.948	3366.299	3361.958	3354.306
"Morocco"	504	34377.511	35526.858	36315.527	36608.896	36690.804	36480.449	35742.356	34950.972	33675.849	32076.031	30830.537	28911.305	27065.407	25250.836	23258.363	21418.813	19261.961	17272.973
"Sudan"	729	40234.882	42552.967	45440.764	48639.261	50979.993	53253.466	54750.554	55960.661	56660.181	57419.293	58442.275	58393.896	57340.507	56317.752	55571.702	53406.988	50822.903	49773.269
"Tunisia"	788	11253.554	11358.774	11353.746	11218.656	10856.239	10552.279	10252.018	9659.446	9072.633	8521.809	7879.788	7285.597	6716.662	6096.411	5501.832	5070.092	4584.311	3978.978
"Western Sahara"	732	572.54	511.5	511.249	514.219	514.759	519.447	519.034	520.164	520.61	525.187	531.554	516.497	535.071	530.798	525.155	533.912	527.123	530.282
"Botswana"	72	2262.485	2383.362	2470.114	2515.889	2544.469	2543.176	2502.477	2439.271	2341.137	2251.443	2146.954	2005.558	1899.017	1759.836	1659.884	1544.675	1451.845	1356.75
"Lesotho"	426	2135.022	2185.168	2222.038	2248.158	2258.509	2266.711	2251.883	2247.74	2234.048	2240.007	2192.447	2084.757	1975.603	1870.153	1741.973	1632.463	1514.696	1409.528
"Namibia"	516	2458.83	2549.362	2650.979	2747.286	2802.889	2860.03	2833.446	2855.644	2812.529	2736.466	2689.726	2615.494	2548.162	2406.267	2250.613	2125.637	1977.939	1827.386
"South Africa"	710	54490.406	55771.331	56921.635	57410.279	57589.949	57314.386	56645.875	55507.879	53987.598	52013.303	49217.572	46901.979	43790.134	41233.474	38424.228	36163.164	33411.081	31263.363
"Swaziland"	748	1286.97	1307.733	1330.478	1352.931	1369.607	1368.826	1376.028	1353.185	1332.787	1299.021	1264.907	1224.21	1151.152	1121.324	1061.782	992.67	941.691	873.972
"Benin"	204	10879.829	12014.724	13154.005	14312.774	15287.707	16363.33	17007.38	17613.77	18052.736	18368.932	18545.375	18433.258	18190.733	17942.06	18018.048	17329.225	16386.507	15427.664
"Burkina Faso"	854	18105.57	20376.457	22554.769	24523.799	26399.577	28252.526	29462.161	30542.677	31434.954	32004.312	32377.917	32573.17	32526.387	32666.508	32226.506	31504.172	30524.257	29336.044
"Cabo Verde"	132	520.502	489.535	456.412	430.665	402.295	398.918	379.563	360.58	333.999	311.327	290.103	264.072	238.276	210.512	186.975	170.675	148.175	125.055
"Cote d'Ivoire"	384	22701.556	24591.273	26430.542	27864.908	29127.151	30118.977	31271.847	31545.712	31723.422	31461.774	30867.091	29612.162	28578.043	27379.029	26234.714	25143.907	23271.9	22226.085
"Gambia"	270	1990.924	2154.345	2353.104	2622.168	2903.854	3174.267	3373.982	3592.119	3763.463	3836.054	3905.475	4035.234	4034.356	3966.611	3879.783	3857.79	3735.681	3621.247
"Ghana"	288	27409.893	28835.542	30159.027	31902.603	33309.199	34576.822	36047.021	37416.222	37649.147	38435.611	38037.206	37999.424	37069.083	36498.555	34834.863	34135.203	33104.928	31540.893
"Guinea"	324	12608.59	12863.856	13694.059	14027.307	14299.48	14375.686	15173.081	15535.198	15779.475	15805.793	15786.766	15536.961	15869.94	15915.418	15175.065	14833.691	14417.09	14099.05
"Guinea-Bissau"	624	1844.325	1996.068	2143.347	2279.446	2393.71	2501.03	2567.83	2625.171	2677.647	2641.943	2645.614	2567.866	2503.275	2364.881	2211.717	2093.426	1936.914	1805.989
"Liberia"	430	4503.438	4172.92	4322.064	4474.79	4664.457	4874.545	5093.441	5327.482	5313.137	5370.186	5240.327	5087.233	5233.107	5156.112	5224.617	5039.302	4909.621	4563.945
"Mali"	466	17599.694	19615.262	21620.803	23535.767	25220.82	26553.999	27745.357	28402.877	29004.58	29367.594	29396.974	29279.156	28755.542	28154.318	27254.533	26337.556	24857.764	22738.035
"Mauritania"	478	4067.564	4469.187	4879.907	5266.927	5631.723	5952.816	6201.599	6415.784	6589.91	6746.641	6831.154	6866.686	6835.396	6794.115	6663.319	6449.239	6088.887	5701.985
"Niger"	562	19899.12	23908.77	28446.036	33229.681	37910.36	42386.571	47019.896	50847.742	55030.62	58750.46	62069.007	65543.617	67218.747	69330.388	70720.875	70808.289	70312.32	69243.093
"Nigeria"	566	182201.962	202783.515	224057.09	243587.461	262395.262	280831.313	292972.417	301981.278	311600.607	320156.496	317841.101	314827.125	311388.158	303727.357	291141.939	277037.305	265206.258	252764.201
"Senegal"	686	15129.273	16891.571	18742.211	20572.171	22280.038	24071.799	25784.973	27333.739	28713.783	29901.552	30803.483	31765.439	32295.171	32722.68	33005.751	32765.271	32688.795	31713.493
"Sierra Leone"	694	6453.184	6442.094	6563.823	6839.513	6980.392	7081.964	7204.513	7178.333	7113.903	7010.261	6953.043	6909.251	6664.925	6454.287	6234.196	5882.162	5505.889	5301.633
"Togo"	768	7304.578	7654.215	8163.742	8642.934	9054.355	9442.806	9755.788	10093.822	10267.718	10151.056	10274.035	10177.751	10042.755	9588.81	9205.119	8769.919	8314.267	7849.156
"ASIA"	935	4393296.014	4568490.014	4708648.067	4818299.564	4897765.308	4941258.2	4965866.429	4950487.457	4909540.453	4841019.966	4769136.222	4670599.057	4558801.247	4427074.092	4299822.925	4181745.445	4054374.675	3916114.266
"China"	156	1376048.943	1387695.511	1382329.307	1364320.369	1333665.511	1296354.374	1249907.08	1190719.83	1126317.425	1062346.222	997525.276	942014.667	878654.732	819935.847	754814.203	705024.142	660514.462	620791.864
"China, Hong Kong SAR"	344	7287.983	6749.516	6287.987	5933.439	5420.169	5005.426	4498.992	4010.467	3560.027	3095.109	2731.472	2335.231	2047.185	1702.053	1494.761	1333.225	1139.219	1014.096
"China, Macao SAR"	446	587.606	510.233	464.108	414.811	377.824	348.721	312.802	289.955	257.301	234.493	203.071	183.654	156.84	133.29	119.669	109.188	99.977	93.839
"Dem. People's Republic of Korea"	408	25155.317	25425.695	25542.282	25528.286	25303.046	24939.439	24412.152	23758.501	23003.675	22256.821	21386.669	20482.098	19626.402	18619.115	17637.479	16661.552	15647.28	14754.757
"Japan"	392	126573.481	123265.51	119405.75	115164.945	110552.844	105904.509	100709.319	96142.926	91071.71	85886.275	80824.937	75863.829	71361.075	66808.124	62477.812	58222.497	55196.793	51757.021
"Mongolia"	496	2959.134	3084.335	3174.533	3221.888	3223.153	3217.7	3201.773	3176.587	3162.343	3107.084	3062.693	3026.364	2993.458	2991.173	2986.304	2990.331	2982.389	2976.92
"Republic of Korea"	410	50293.439	49888.109	49391.805	48657.168	47491.57	45879.78	44032.785	41919.82	38743.721	36406.631	34065.557	31650.122	29346.845	26752.692	24656.124	22730.211	21188.622	19581.212
"Other non-specified areas"	158	23381.038	22764.128	22103.297	21173.979	20201.062	19049.907	17756.147	16352.984	14864.848	13339.687	11805.955	10264.957	8825.079	7533.896	6665.311	5676.095	5277.152	4528.036
"Kazakhstan"	398	17625.226	17423.694	16825.579	15912.034	15000.319	14099.053	13076.601	11910.563	10773.384	9632.974	8932.57	7920.612	7367.716	6900.861	6335.444	5981.139	5740.821	5681.456
"Kyrgyzstan"	417	5939.962	6068.873	6129.133	6040.227	5953.76	5800.032	5664.933	5452.383	5115.377	4859.475	4538.719	4288.676	4017.855	3784.165	3637.383	3391.163	3074.919	2746.374
"Tajikistan"	762	8481.855	8988.28	9333.085	9525.21	9662.554	9748.134	9923.939	9931.203	9749.764	9628.152	9065.819	8788.42	8520.217	8189.548	7715.908	7628.851	7006.249	6553.416
"Turkmenistan"	795	5373.502	5503.776	5608.878	5624.831	5581.32	5532.827	5401.767	5266.24	5064.798	4828.651	4559.534	4269.788	4096.371	3868.4	3610.351	3175.159	2902.159	2625.809
"Uzbekistan"	860	29893.488	30816.04	31228.346	30840.33	30217.737	29488.616	28283.977	27214.253	25477.541	23958.003	22574.025	20636.98	18769.803	16996.729	15560.943	14501.045	12750.071	11580.353
"Afghanistan"	4	32526.562	29870.416	29062.576	27925.749	27891.582	28443.013	28047.555	28232.152	27571.215	25544.291	24063.734	22356.978	21234.042	19810.575	18101.138	16401.429	15030.024	13165.411
"Bangladesh"	50	160995.642	165142.52	168587.032	171012.799	172216.449	171812.342	169117.753	165117.636	158877.865	154038.805	145625.36	137416.605	130255.319	121176.28	112063.625	103897.609	94271.02	86661.494
"Bhutan"	64	774.83	730.648	690.967	665.051	611.115	570.054	530.222	510.277	481.112	441.592	406.252	362.57	323.007	276.004	248.425	218.515	191.151	165.241
"India"	356	1311050.527	1366338.43	1412797.745	1452921.286	1479370.353	1493056.768	1489756.542	1478410.792	1452015.087	1421527.407	1384856.243	1333547.249	1278716.283	1213435.882	1142321.467	1081082.792	1009294.189	937896.346
"Iran (Islamic Republic of)"	364	79109.272	79451.112	79394.574	79046.844	78447.933	76859.501	75061.018	72941.547	69511.338	66057.013	61174.039	55883.436	50967.439	44964.868	41069.846	36848.867	31219.792	27988.573
"Maldives"	462	363.657	379.977	391.942	399.84	402.802	403.862	405.329	397.119	385.85	372.624	349.63	330.483	308.571	289.336	267.344	242.174	219.332	199.158
"Nepal"	524	28513.7	29220.193	29678.089	29805.015	29445.663	28854.289	28160.161	27148.385	26027.65	24528.751	22731.298	21341.959	19721.477	17715.215	15669.027	13773.958	12154.785	10304.526
"Pakistan"	586	188924.874	203036.939	216149.754	227487.456	235083.521	243694.775	251419.77	253780.374	255111.404	253216.609	249587.037	241012.475	232171.367	220799.312	204852.417	193780.294	188142.185	174325.79
"Sri Lanka"	144	20715.01	20692.123	20448.683	20036.651	19493.74	18627.963	17799.598	17051.673	15912.369	14988.091	13777.14	12670.322	11689.728	10664.648	9659.384	8617.992	7561.994	6536.72
"Brunei Darussalam"	96	423.188	432.38	433.975	428.931	414.463	398.312	378.936	352.582	319.555	285.754	258.712	226.191	198.428	173.106	149.697	124.91	105.509	89.92
"Cambodia"	116	15577.899	16083.11	16501.215	16774.34	16992.832	17271.404	17455.618	17420.161	17185.482	17051.135	16517.988	16307.807	15544.933	14948.692	14364.684	13492.95	12528.244	11421.315
"Indonesia"	360	257563.815	267002.515	274264.167	280606.56	282681.795	283017.877	282259.997	277585.887	271375.148	264896.225	256291.428	245355.254	236521.442	224031.915	212170.633	200948.604	190182.572	180450.581
"Lao People's Democratic Republic"	418	6802.023	7037.769	7276.247	7408.243	7588.393	7727.808	7672.27	7634.291	7467.55	7298.397	7039.251	6774.865	6398.295	5987.12	5419.349	5004.313	4545.657	4050.5
"Malaysia"	458	30331.007	31836.239	33076.766	33991.732	34475.305	34760.32	34738.877	34213.479	33411.789	32425.175	31322.913	30170.437	28262.538	26775.522	24611.118	23173.902	21269.932	19465.777
"Myanmar"	104	53897.154	54611.196	54811.591	54914.28	54169.503	52517.452	50736.415	48461.248	45950.904	43487.375	40748.276	37861.93	35199.903	31715.26	29025.016	26319.309	24242.248	22079.778
"Philippines"	608	100699.395	105886.857	110799.652	114164.759	116718.27	118789.791	119399.488	118729.321	117514.324	115202.633	112496.158	108290.236	104211.9	99617.911	95556.205	90446.826	85466.246	80993.984
"Singapore"	702	5603.74	5751.418	5772.776	5682.257	5498.838	5312.294	5062.94	4730.048	4314.426	3846.282	3296.961	2858.129	2460.415	2208.504	1907.42	1629.161	1283.528	1166.321
"Thailand"	764	67959.359	67043.062	65742.448	63935.491	61827.05	59176.498	56120.86	52932.996	49063.043	45354.29	41710.861	38412.436	34969.066	31574.269	29103.233	26686.241	23990.792	21677.656
"Timor-Leste"	626	1184.765	1147.398	1143.85	1178.16	1212.658	1259.485	1314.682	1350.496	1351.986	1385.681	1363.04	1350.27	1356.745	1307.281	1306.981	1285.984	1186.607	1131.709
"Viet Nam"	704	93447.601	96651.289	99377.205	100821.584	101611.86	101196.059	100336.041	98709.071	96727.533	94055.631	90466.983	86757.546	82189.836	78611.371	75238.095	71570.341	67659.571	63979.949
"Armenia"	51	3017.712	2774.436	2540.464	2298.512	2068.226	1819.683	1633.878	1431.771	1259.648	1113.619	980.502	866.74	725.82	616.794	521.218	465.633	437.423	385.484
"Azerbaijan"	31	9753.968	10025.754	10108.808	10044.508	9882.268	9759.137	9487.105	9144.993	8736.363	8232.066	7778.924	7422.765	7013.851	6615.828	6167.571	5748.234	5418.892	5059.001
"Bahrain"	48	1377.237	1258.892	1159.314	1085.392	1080.738	1070.194	1033.137	1020.258	1005.89	967.951	926.908	869.363	846.393	824.756	802.863	763.658	734.948	747.419
"Cyprus"	196	1165.3	1135.529	1092.776	1024.589	962.767	891.711	836.269	741.111	678.88	594.272	504.601	440.091	367.353	295.26	241.705	203.511	159.79	131.063
"Georgia"	268	3999.812	3554.308	3094.681	2656.273	2248.29	1931.147	1632.632	1371.173	1130.471	922.555	728.595	568.374	445.947	347.943	268.112	217.756	177.34	142.589
"Iraq"	368	36423.395	40643.282	44541.594	48897.987	53460.738	57966.241	61790.04	65447.153	68425.615	70997.397	73482.972	74667.563	76812.97	77795.054	77417.6	76045.885	74674.666	74640.627
"Israel"	376	8064.036	8057.142	8081.736	7923.44	7851.517	7744.541	7582.15	7442.642	7423.346	7232.528	6915.789	6742.859	6433.732	6075.587	5879.709	5730.601	5423.493	5266.086
"Jordan"	400	7594.547	7000.789	6775.832	6738.647	6575.724	6610.906	6492.941	6407.339	6332.48	5840.157	5461.409	5360.062	4986.807	4593.685	4510.105	4224.555	3967.67	3687.398
"Kuwait"	414	3892.115	3517.018	3364.09	3385.464	3375.313	3402.611	3591.978	3775.26	3929.857	3918.925	3926.092	3938.273	3968.24	4036.676	4122.514	4200.331	4303.455	4392.227
"Lebanon"	422	5850.743	5510.658	5228.114	4893.845	4614.921	4529.716	4371.38	4132.246	4018.637	3642.003	3436.341	3214.67	2986.941	2796.723	2483.198	2169.27	1971.016	1801.682
"Oman"	512	4490.541	4543.246	4502.961	4523.551	4436.12	4530.588	4737.56	4774.755	4592.971	4608.053	4461.069	4340.374	4300.809	4146.796	3980.831	3673.006	3413.278	3202.336
"Qatar"	634	2235.355	1766.425	1687.097	1726.851	1789.446	1921.129	2009.126	2169.646	2187.52	2154.061	2412.639	2418.207	2647.026	2535.095	2715.465	2890.281	3073.016	3078.199
"Saudi Arabia"	682	31540.372	32257.747	32588.081	32573.663	31698.4	31527.248	31193.868	31020.703	30172.239	29716.321	28518.77	27498.682	26155.541	25091.24	24313.724	23009.795	21867.675	21146.055
"State of Palestine"	275	4668.466	4510.114	4498.873	4598.679	4723.405	4863.513	4906.992	4905.642	4877.654	4709.66	4594.396	4627.65	4458.465	4327.462	4174.493	4015.552	3829.586	3783.086
"Syrian Arab Republic"	760	18502.413	16314.626	15758.254	16441.802	16927.818	16814.457	15896.639	14801.198	13708.144	12934.716	12101.319	11446.151	10640.516	9748.908	8673.51	7863.487	7077.655	6416.04
"Turkey"	792	78665.83	81920.771	84252.941	86294.544	87427.643	87874.726	87943.635	86242.608	85278.661	82826.122	80556.058	77571.644	74081.65	69720.226	65685.837	61057.52	56627.013	51388.489
"United Arab Emirates"	784	9156.963	7064.014	6712.165	6578.61	6905.952	7168.175	7478.49	8128.021	8436.001	8820.105	9582.119	10049.573	10886.279	11460.272	11930.447	12119.109	12459.258	13523.081
"Yemen"	887	26832.215	28480.119	29918.453	30933.624	31872.893	32423.381	32761.231	32823.569	32083.747	30448.091	29823.865	28209.627	27134.578	25194.985	23502.251	22021.597	21056.108	19603.521
"EUROPE"	908	738095.558	732783.308	725202.79	713014.37	699826.594	686191.227	670683.505	655867.745	639148.562	621087.443	603216.3	585701.578	571108.242	558627.086	547423.362	535645.01	524708.175	515993.179
"Belarus"	112	9495.826	9280.075	9011.091	8693.51	8309.001	7991.114	7660.063	7380.307	7042.991	6679.558	6344.969	6089.345	5828.027	5644.717	5436.884	5262.943	5050.286	4896.421
"Bulgaria"	100	7149.787	6711.82	6261.431	5794.104	5357.291	4910.277	4512.206	4165.935	3839.896	3505.268	3195.996	2906.739	2656.118	2446.915	2270.331	2157.696	2022.673	1873.478
"Czech Republic"	203	10543.186	10296.043	10021.543	9626.069	9220.243	8835.366	8377.901	7982.113	7649.178	7217.675	6744.74	6322.781	5980.149	5692.2	5352.859	5140.479	4944.003	4687.915
"Hungary"	348	9855.023	9440.95	9037.572	8610.053	8116.01	7651.371	7218.245	6750.68	6296.908	5821.935	5386.252	5022.431	4540.112	4226.378	3917.055	3603.799	3333.626	3110.756
"Poland"	616	38611.794	37700.488	36414.284	34884.834	33081.193	31144.534	29232.194	27377.696	25240.098	23281.89	21550.508	19655.801	17623.602	15645.351	13994.098	12634.127	11246.147	10127.377
"Republic of Moldova"	498	4068.897	3898.703	3703.627	3440.167	3174.928	2905.496	2642.945	2357.132	2103.666	1810.086	1560.997	1327.727	1100.685	907.088	762.234	640.259	537.74	438.441
"Romania"	642	19511.324	18330.368	17075.946	15686.57	14259.453	12821.666	11514.441	10197.704	9083.236	7895.944	6788.829	5773.43	4882.36	4150.536	3522.767	2919.95	2445.995	2084.384
"Russian Federation"	643	143456.918	140458.611	136191.333	131507.744	125207.547	118820.108	113412.399	108157.264	102819.01	97985.514	93239.951	87725.375	83926.473	79638.211	76202.13	73476.458	70361.837	67123.1
"Slovakia"	703	5426.258	5335.213	5198.068	5025.583	4822.65	4583.764	4362.762	4078.216	3818.319	3557.327	3271.826	3011.227	2779.323	2615.41	2441.149	2264.854	2109.864	1979.779
"Ukraine"	804	44823.765	43083.565	41272.086	39268.627	37125.743	35086.633	32872.874	31081.019	29166.173	27457.682	25430.999	23528.903	21991.1	20808.42	19778.003	19161.064	18281.787	17187.258
"Channel Islands"	830	163.692	162.206	159.592	156.217	148.953	143.704	136.788	129.722	119.643	111.258	102.763	91.691	82.811	75.419	69.344	60.961	55.869	49.867
"Denmark"	208	5669.081	5692.517	5718.252	5697.77	5651.436	5565.117	5503.245	5396.547	5292.986	5155.717	5031.051	4910.446	4814.985	4655.719	4514.901	4359.905	4183.196	4035.049
"Estonia"	233	1312.558	1223.48	1142.537	1069.671	987.789	920.931	857.819	791.437	744.113	679.007	614.573	578.967	527.813	484.761	426.587	408.203	405.489	381.326
"Finland"	246	5503.457	5459.626	5392.665	5296.052	5168.045	4988.359	4816.69	4614.653	4460.068	4294.022	4135.903	3967.427	3759.946	3565.916	3376.238	3172.716	2979.265	2785.777
"Iceland"	352	329.425	330.681	331.005	329.584	324.782	320.5	310.181	301.284	287.886	272.197	262.401	248.15	234.167	221.986	207.2	199.085	196.89	196.299
"Ireland"	372	4688.465	4473.146	4206.928	3930.388	3670.116	3292.377	3055.975	2684.346	2441.342	2055.321	1780.387	1536.369	1326.158	1120.908	980.921	827.772	685.646	589.919
"Latvia"	428	1970.503	1784.038	1597.951	1419.254	1254.842	1110.784	956.486	823.851	695.817	599.01	492.499	433.556	358.736	305.542	253.005	196.598	161.223	141.951
"Lithuania"	440	2878.405	2578.146	2291.04	2011.591	1737.798	1501.04	1287.941	1099.651	920.729	753.677	609.547	487.292	379.448	317.795	257.281	208.633	179.525	148.579
"Norway"	578	5210.967	5430.83	5625.586	5762.455	5863.531	5907.2	5950.257	5904.463	5914.57	5831.806	5750.219	5616.412	5473.722	5337.686	5187.813	5088.957	5006.788	4804.787
"Sweden"	752	9779.426	9923.498	10035.587	10080.985	9987.131	9919.49	9895.966	9768.434	9662.193	9519.44	9426.771	9254.478	9051.923	8773.512	8607.825	8231.423	7893.323	7695.457
"United Kingdom"	826	64715.81	65500.443	66025.187	66058.125	65858.774	65148.787	64388.378	63348.797	62154.909	60713.508	59374.671	57235.467	55872.619	54276.393	52570.017	50535.053	49128.809	48305.232
"Albania"	8	2896.679	2677.722	2478.548	2202.3	1948.403	1714.233	1568.767	1400.408	1247.166	1136.773	993.699	845.269	779.14	698.644	614.284	520.552	452.111	395.58
"Bosnia and Herzegovina"	70	3810.416	3388.053	3040.79	2727.473	2437.12	2113.824	1832.2	1576.087	1360.346	1155.366	949.053	748.252	601.315	505.117	415.137	337.927	292.179	255.608
"Croatia"	191	4240.317	4021.08	3807.608	3570.379	3334.354	3109.024	2874.726	2651.292	2432.395	2231.049	2055.854	1846.556	1671.485	1525.379	1363.09	1238.998	1100.107	987.194
"Greece"	300	10954.617	10302.411	9644.17	8968.861	8265.701	7494.931	6688.229	5935.918	5319.299	4676.491	4062.992	3420.401	2874.156	2428.141	2024.81	1696.133	1504.646	1345.199
"Italy"	380	59797.685	58401.325	56637.443	54604.95	52153.721	49538.805	46714.754	44085.978	41170.495	38415.024	35499.212	32636.547	29695.748	27501.993	25295.659	23706.824	22668.095	21052.505
"Malta"	470	418.67	410.413	398.023	384.494	366.174	346.218	324.653	301.309	277.673	251.23	224.265	202.18	180.979	164.955	147.591	132.843	113.355	101.622
"Montenegro"	499	625.781	583.658	546.154	512.689	472.203	432.361	392.124	360.585	324.335	291.111	263.511	235.506	214.464	190.941	165.092	142.182	125.957	107.731
"Portugal"	620	10349.803	9441.385	8686.218	7992.044	7294.048	6529.563	5699.629	5085.308	4426.419	3893.048	3348.648	2833.169	2356.929	1937.951	1638.534	1364.229	1106.988	905.353
"Serbia"	688	8850.975	8265.49	7769.033	7310.78	6830.466	6415.524	6017.958	5645.502	5191.463	4882.609	4460.873	4130.106	3712.648	3406.552	3085.778	2772.131	2520.183	2344.105
"Slovenia"	705	2067.526	2006.797	1933.41	1859.402	1750.868	1657.708	1544.079	1442.933	1323.514	1214.777	1137.419	1058.59	982.321	866.54	774.569	720.318	670.906	647.431
"Spain"	724	46121.699	43443.141	40693.753	37703.986	35081.266	32615.37	29738.247	26629.585	23145.719	19735.274	16380.788	13913.032	12381.186	10402.013	9330.645	8003.585	6992.008	6042.101
"TFYR Macedonia"	807	2078.453	1969.307	1869.982	1750.752	1634.408	1526.542	1398.413	1272.005	1145.095	1030.062	894.267	784.849	685.086	605.534	525.151	458.109	411.934	357.243
"Austria"	40	8544.586	8483.059	8400.831	8209.431	8058.878	7813.753	7595.635	7245.979	6892.353	6522.986	6199.093	5832.98	5532.282	5217.6	4917.49	4622.893	4392.818	4258.533
"Belgium"	56	11299.192	11415.185	11499.501	11493.646	11436.657	11358.081	11147.588	10943.053	10668.927	10370.834	10021.203	9655.861	9473.854	9355.608	8990.07	8713.651	8407.023	8004.045
"France"	250	64395.345	64336.049	64131.373	63617.376	62783.062	62038.64	60198.517	58397.084	56932.404	55646.903	54066.498	52409.611	50763.531	49298.758	46753.556	45797.975	44134.482	42196.408
"Germany"	276	80688.545	78369.656	76159.369	72790.087	69922.697	66620.603	63046.987	59369.137	55235.641	52020.071	48050.733	44824.522	41276.564	37984.491	34749.823	32295.429	30305.543	27921.332
"Luxembourg"	442	567.11	592.19	606.711	614.824	605.883	599.716	584.585	570.199	538.846	502.8	475.96	432.381	382.738	338.424	297.768	269.563	233.219	212.112
"Netherlands"	528	16924.929	16961.063	16948.308	16858.856	16629.026	16287.176	15871.319	15411.457	14890.129	14406.892	13932.552	13501.87	13108.754	12768.168	12428.167	11959.071	11676.678	11384.511
"Switzerland"	756	8298.663	8291.604	8213.501	8003.695	7740.481	7348.605	6879.839	6255.916	5859.041	5420.334	5119.983	4656.303	4175.682	3831.285	3392.297	3264.748	2956.579	2464.102
"LATIN AMERICA AND THE CARIBBEAN"	904	634047.644	659559.845	681730.464	698017.395	709575.492	716706.897	718235.928	717039.907	709952.054	701553.798	687668.083	668629.975	650113.502	624924.433	599299.577	573938.219	549654.718	526994.315
"Antigua and Barbuda"	28	91.818	84.901	79.163	74.139	67.782	61.927	56.419	51.085	45.536	41.691	36.996	34.286	31.33	28.527	26.695	23.172	19.178	17.188
"Aruba"	533	103.889	84.937	75.832	67.224	59.154	51.189	45.457	40.395	34.631	29.483	26.134	22.994	20.365	19.547	18.195	17.12	14.95	13.506
"Bahamas"	44	388.019	375.509	362.549	335.284	311.99	290.339	259.665	231.068	200.854	176.661	157.668	136.548	123.89	103.848	88.127	73.977	60.582	52.436
"Barbados"	52	284.215	276.023	265.235	253.455	240.421	226.265	211.878	198.944	184.509	167.294	153.091	136.885	126.37	112.518	97.771	87.471	80.836	73.65
"Cuba"	192	11389.562	11093.88	10778.193	10346.021	9812.924	9254.367	8622.806	7988.094	7344.035	6639.35	5986.071	5342.291	4725.678	4193.536	3682.114	3275.461	2849.624	2473.238
"Curacao"	531	157.203	142.109	131.629	115.404	102.599	92.466	83.463	72.221	63.741	54.587	47.773	42.832	37.612	33.002	28.329	24.848	21.919	20.461
"Dominican Republic"	214	10528.391	10922.165	11186.381	11342.798	11393.084	11314.668	11135.258	10874.979	10533.425	10138.631	9690.708	9183.93	8666.908	8096.222	7329.398	6656.48	6073.911	5488.949
"Grenada"	308	106.825	95.253	87.175	77.515	72.446	67.785	62.87	57.211	53.033	46.85	42.891	36.7	30.289	25.698	21.681	18.991	16.301	14.011
"Guadeloupe"	312	468.45	444.999	422.17	405.768	382.679	356.208	330.011	302.287	279.961	257.091	229.185	206.166	180.883	165.74	148.001	138.207	127.979	114.226
"Haiti"	332	10711.067	11160.298	11501.149	11752.102	11912.185	11908.757	11825.856	11695.236	11426.687	11079.766	10641.661	10145.364	9543.702	8933.731	8411.242	7761.402	7182.333	6570.28
"Jamaica"	388	2793.335	2689.292	2524.021	2344.295	2132.104	1952.868	1735.026	1555.092	1347.397	1196.5	999.34	867.11	721.397	601.693	482.968	380.016	335.125	274.704
"Martinique"	474	396.425	372.51	351.694	328.986	301.819	270.964	241.422	214.212	188.535	165.691	149.95	135.676	123.263	117.042	108.65	100.573	92.772	85.48
"Puerto Rico"	630	3683.238	3538.87	3385.772	3234.117	3051.777	2864.552	2677.451	2482.212	2293.182	2100.11	1905.492	1747.092	1534.326	1365.48	1207.434	1093.648	986.705	871.162
"Saint Lucia"	662	184.999	182.752	177.632	170.05	160.504	150.745	140.175	128.329	116.211	102.19	89.9	77.16	65.971	54.572	45.751	39.244	31.737	25.491
"Saint Vincent and the Grenadines"	670	109.462	105.366	99.527	92.076	84.132	74.883	65.233	54.662	45.79	38.535	32.36	26.671	21.917	17.501	14.449	11.774	9.39	7.968
"Trinidad and Tobago"	780	1360.088	1310.638	1237.761	1152.535	1054.328	950.394	839.954	746.71	653.696	557.489	479.59	402.02	323.827	260.242	219.028	188.736	149.341	118.113
"United States Virgin Islands"	850	106.291	87.83	77.751	68.684	63.73	58.876	54.46	49.966	45.848	41.681	37.079	34.776	32.661	29.859	28.161	26.189	25.4	23.975
"Belize"	84	359.287	363.16	358.693	356.545	341.899	330.76	313.944	291.337	274.625	258.836	242.716	217.435	185.872	165.745	151.982	139.808	123.08	109.533
"Costa Rica"	188	4807.85	4961.302	5064.61	5119.906	5125.646	5105.199	5027.311	4906.134	4761.366	4602.344	4405.098	4157.403	3928.873	3670.522	3407.833	3105.374	2890.604	2669.724
"El Salvador"	222	6126.583	6049.202	5901.649	5705.229	5448.058	5109.781	4714.155	4400.734	4055.097	3662.265	3268.011	2873.999	2498.761	2136.122	1816.109	1504.372	1215.693	971.685
"Guatemala"	320	16342.897	17544.631	18595.787	19447.647	20140.487	20676.882	21182.762	21428.938	21365.479	20991.742	20443.778	19875.55	18984.381	18225.764	17137.762	16235.795	15010.685	13759.198
"Honduras"	340	8075.06	8363.307	8576.999	8710.005	8798.726	8801.313	8717.775	8548.36	8365.092	8052.12	7666.812	7259.37	6818.725	6301.438	5759.185	5220.886	4665.745	4149.41
"Mexico"	484	127017.224	131186.945	134231.536	135968.212	136569.701	136156.377	134935.607	131664.186	128072.107	121480.291	115134.958	108918.356	101621.352	93653.545	87342.455	79715.193	72471.583	64525.88
"Nicaragua"	558	6082.032	6265.999	6373.896	6408.992	6377.732	6310.886	6158.461	5966.975	5670.798	5336.997	5010.305	4629.115	4216.572	3804.835	3366.114	2885.511	2448.962	2015.964
"Panama"	591	3929.141	4152.669	4354.378	4525.399	4672.682	4779.012	4853.992	4882.404	4887.684	4876.674	4816.674	4735.705	4624.476	4472.237	4318.362	4173.021	4018.542	3842.534
"Argentina"	32	43416.755	44649.954	45751.163	46680.515	47163.023	47504.565	47722.589	47732.536	47444.302	46694.127	45683.18	44276.306	43105.293	41718.781	40399.264	39032.759	37666.59	35885.824
"Bolivia (Plurinational State of)"	68	10724.705	11338.799	11883.949	12360.559	12720.315	13021.514	13211.73	13277.329	13279.398	13137.187	12908.407	12648.479	12208.443	11665.781	10932.383	10252.321	9425.079	8817.25
"Brazil"	76	207847.528	212911.187	216435.119	217418.44	216910.917	214447.732	211242.144	205900.246	198874.55	190304.364	182211.947	171463.079	159946.415	149346.632	137571.884	126329.93	116466.856	106519.982
"Chile"	152	17948.141	18568.987	19038.043	19398.86	19567.134	19586.343	19407.882	19086.08	18698.543	18167.427	17515.761	16781.646	15985.984	15148.516	14155.118	13323.109	12338.038	11642.343
"Colombia"	170	48228.704	49445.565	50215.656	50366.785	49964.238	49001.78	47759.93	46089.367	44257.063	42092.117	39756.643	37430.24	34768.805	32113.027	29408.224	26811.368	24282.956	21620.164
"Ecuador"	218	16144.363	17045.851	17851.157	18440.696	18931.134	19247.3	19470.579	19573.504	19411.767	19257.225	18828.834	18259.053	17652.859	17085.348	16241.309	15570.123	14793.524	14107.785
"French Guiana"	254	268.606	263.772	257.695	238.959	228.848	227.436	229.365	228.505	219.779	209.192	210.007	194.61	189.112	191.223	186.275	182.472	180.093	179.261
"Guyana"	328	767.085	720.415	659.644	595.947	523.519	472.686	422.638	412.393	413.384	411.982	412.201	412.831	411.138	411.113	411.853	410.849	411.962	412.026
"Paraguay"	600	6639.123	6931.887	7173.91	7346.898	7447.948	7479.137	7428.149	7362.962	7245.644	7080.123	6902.586	6623.162	6367.047	6058.361	5739.903	5344.672	5000.629	4624.93
"Peru"	604	31376.67	32595.405	33569.041	34113.36	34382.995	34500.363	34249.987	33719.521	33097.225	32109.528	31000.658	29489.545	27885.473	26178.354	24571.074	22818.236	20888.861	18892.663
"Suriname"	740	542.975	511.423	485.014	452.277	397.75	361.771	329.229	317.161	316.609	315.988	315.571	314.72	315.288	313.62	313.687	313.525	313.905	313.456
"Uruguay"	858	3431.555	3368.908	3303.267	3239.438	3113.969	2998.005	2869.673	2748.91	2620.657	2474.546	2343.827	2177.61	2014.656	1879.139	1731.318	1586.779	1428.782	1273.238
"Venezuela (Bolivarian Republic of)"	862	31108.083	32585.413	33923.196	35017.891	35864.379	36425.107	36572.75	36461.808	36137.749	35641.838	34885.564	33920.125	32670.616	30925.541	29529.978	27985.671	26554.398	24983.697
"NORTHERN AMERICA"	905	357713.558	365168.866	371163.335	374645.662	376442.364	376393.071	372665.345	367651.602	363016.866	353969.864	351095.628	344827.148	339188.306	332596.998	322556.303	314068.806	301293.219	291645.99
"Canada"	124	35939.927	36507.241	36752.001	36602.188	35982.436	35069.441	34190.208	33113.157	31590.732	30069.116	28021.443	26465.313	24852.235	23472.033	22067.97	20922.971	19607.487	19244.682
"United States of America"	840	321773.631	327724.008	332611.907	335169.352	335669.489	334301.825	331687.563	326937.17	321279.597	316304.809	310899.151	303023.778	293110.179	285200.786	280072.934	273070.639	261961.298	252665.192
"OCEANIA"	909	39089.256	40536.102	41778.615	42626.045	43010.869	42871.177	43042.73	42319.941	42054.232	41262.833	40888.922	40537.451	40045.754	39783.865	39287.711	38679.179	38177.124	37694.653
"Australia"	36	23968.973	24369.504	24509.58	24057.386	23592.229	22723.965	21382.206	20685.622	19436.428	17715.706	16682.565	15610.257	15226.039	14999.496	14915.199	14880.274	14806.429	14789.11
"New Zealand"	554	4528.526	4498.721	4506.337	4454.43	4428.212	4348.304	4279.353	4139.219	3944.958	3769.359	3582.232	3457.835	3312.911	3240.189	3136.526	2950.94	2788.948	2638.825
"Fiji"	242	892.145	865.881	828.43	788.207	752.766	701.487	647.894	591.078	546.466	497.446	452.741	412.246	363.3	324.747	288.222	262.027	230.637	200.803
"New Caledonia"	540	263.118	263.469	265.043	266.072	268.819	265.315	259.809	255.918	250.352	248.725	243.88	240.985	233.129	224.598	219.814	206.141	198.761	192.95
"Papua New Guinea"	598	7619.321	8243.054	8819.558	9383.756	9844.67	10249.01	10578.047	10758.521	10903.555	10840.841	10809.742	10718.734	10520.763	10245.373	9981.781	9553.536	9321.626	8968.777
"Solomon Islands"	90	583.591	625.427	663.879	698.507	726.355	749.649	771.507	779.846	784.029	772.591	765.992	758.448	736.814	705.643	672.684	637.321	608.084	565.731
"Vanuatu"	548	264.652	280.589	297.258	311.214	322.608	336.537	351.356	360.773	369.156	370.889	370.404	364.047	366.247	356.913	349.648	339.307	328.766	315.187
"Guam"	316	169.885	170.047	169.191	166.069	162.384	156.779	150.874	143.423	132.802	125.712	116.286	109.435	104.363	99.142	88.512	83.016	76.144	64.188
"Kiribati"	296	112.423	117.622	121.3	123.828	124.716	125.064	127.342	124.972	122.841	121.134	118.714	113.165	109.228	104.099	100.701	96.479	92.19	85.706
"Micronesia (Fed. States of)"	583	104.46	98.282	98.159	93.544	87.788	80.578	75.569	72.166	69.498	67.765	62.749	58.164	53.658	49.141	44.499	40.649	36.455	33.286
"French Polynesia"	258	282.764	281.698	280.374	276.166	268.302	257.675	246.306	236.365	226.597	213.444	198.319	186.65	175.522	160.477	153.034	141.748	131.047	119.688
"Samoa"	882	193.228	190.187	183.641	176.205	166.934	157.786	149.654	142.213	133.98	124.02	114.83	106.294	96.009	87.149	77.627	68.602	61.714	53.171
"Tonga"	776	106.17	98.545	90.919	85.226	82.549	78.674	76.397	72.256	67.928	62.257	57.17	52.715	47.543	43.303	38.802	33.691	30.787	26.823
