"name"	"country_code"	"2015"	"2020"	"2025"	"2030"	"2035"	"2040"	"2045"	"2050"	"2055"	"2060"	"2065"	"2070"	"2075"	"2080"	"2085"	"2090"	"2095"	"2100"
"WORLD"	900	7348416.351	7731012.314	8084234.743	8407227.272	8705118.522	8971238.218	9209022.895	9415070.912	9586211.016	9731864.461	9854224.631	9949667.361	10028844.269	10102618.55	10146247.378	10148888.178	10164281.58	10156131.769
"AFRICA"	903	1186174.321	1331532.208	1485250.053	1646087.718	1812856.017	1986403.053	2161539.925	2337296.601	2511900.201	2682664.876	2847573.43	3007660.373	3162817.082	3296941.272	3424059.037	3543042.515	3640217.279	3736204.414
"Burundi"	108	11178.921	12502.147	13753.645	14915.52	16221.754	17622.332	19089.641	20525.746	21624.696	22667.347	23791.497	24675.079	25273.748	25335.597	25415.339	25745.634	25497.91	25335.98
"Comoros"	174	788.474	855.991	926.346	990.37	1064.108	1130.805	1190.482	1240.207	1292.403	1338.669	1367.265	1381.279	1387.578	1377.115	1356.585	1334.417	1305.385	1260.063
"Djibouti"	262	887.861	791.512	742.324	721.926	723.572	729.466	746.334	741.135	732.846	704.279	657.956	639.714	625.403	606.876	572.496	527.951	486.528	453.853
"Eritrea"	232	5227.791	5541.97	5906.934	6322.699	6776.197	7252.226	7770.165	8146.894	8484.978	8690.799	8867.082	9031.67	9129.789	9161.942	9200.389	9110.572	8896.453	8747.359
"Ethiopia"	231	99390.75	108631.526	118726.154	128507.803	137729.998	147301.878	155257.812	162446.697	168661.729	173981.457	178166.53	181473.36	184194.005	184741.609	181923.326	179680.575	173771.765	168542.745
"Kenya"	404	46050.302	51253.045	56309.012	61409.702	66507.35	71251.651	75603.651	79480.319	82406.064	84567.414	86793.779	87555.086	87595.854	87497.04	86300.373	85247.391	83299.766	80652.812
"Madagascar"	450	24235.39	27479.154	30992.501	34521.204	38217.248	41950.316	45669.51	49426.133	52919.954	56390.779	59539.45	62236.779	65364.38	67782.021	69513.608	70829.359	72000.877	72295.197
"Malawi"	454	17215.232	18820.111	20763.494	23058.558	25485.327	28247.506	31078.974	33470.575	36769.006	39517.729	41467.977	44143.107	46131.266	48348.282	48901.328	49941.27	51362.688	51624.1
"Mauritius"	480	1273.212	1254.42	1228.639	1188.827	1140.161	1083.26	1020.147	952.42	885.492	818.501	753.596	685.432	624.091	562.821	505.497	445.97	396.095	351.864
"Mayotte"	175	240.015	258.079	276.661	292.843	307.541	320.869	335.494	348.766	358.172	368.782	377.522	379.69	377.029	373.668	365.426	368.669	363.231	346.735
"Mozambique"	508	27977.863	30480.586	33756.55	37058.322	40434.118	44316.976	47536.194	51520.628	54043.785	57232.639	60035.047	62944.821	65293.381	66698.747	68022.851	68279.58	68486.428	68873.362
"Reunion"	638	861.154	863.19	865.761	863.043	854.255	833.78	808.755	778.606	741.078	689.364	637.665	582.192	526.819	477.573	420.293	368.178	311.608	267.616
"Rwanda"	646	11609.666	11610.276	12086.89	12691.646	13435.48	14468.18	15264.937	15944.859	16480.294	16685.361	17128.223	17158.023	16922.429	16652.953	16274.577	15757.719	15196.427	14599.151
"Seychelles"	690	96.471	95.342	94.332	92.517	90.711	88.921	86.078	82.854	79.463	76.135	72.406	69.522	66.345	61.569	59.033	56.295	53.835	50.695
"Somalia"	706	10787.104	10341.666	11217.14	12529.289	13752.355	15103.309	16231.769	17705.328	18905.172	20586.017	21829.038	22807.628	24137.08	24136.99	24564.995	25494.73	25517.402	24925.71
"South Sudan"	728	12339.812	13163.037	13926.993	14718.884	15530.542	16329.757	17232.823	17844.776	18471.732	19130.925	19815.706	20083.193	20466.373	20781.039	21068.088	21486.382	21338.724	20703.173
"Uganda"	800	39032.383	44759.199	50831.679	56956.093	63086.09	68951.012	74670.316	79491.009	84045.02	88215.951	91274.221	93327.113	94062.363	94768.945	95235.17	93210.195	92430.486	89328.768
"United Republic of Tanzania"	834	53470.42	61439.251	70396.879	80163.807	90776.371	101725.936	113373.55	124804.913	136420.08	146932.422	159306.252	169705.167	179085.798	188097.411	195279.392	201643.085	207427.015	211357.305
"Zambia"	894	16211.767	18491.998	20933.51	23439.084	26197.697	28850.915	31527.362	33909.623	36227.257	38366.15	40300.685	41855.484	43095.592	44034.917	44345.162	44983.676	45389.593	45107.075
"Zimbabwe"	716	15602.751	16808.67	17899.647	18947.092	19905.314	20846.556	21749.674	22342.306	22822.66	22949.479	23161.565	23155.561	22929.475	22626.296	22248.795	21686.716	21073.562	20209.208
"Angola"	24	25021.974	28507.533	32412.155	36445.209	40437.486	44043.131	47255.371	50820.484	54106.903	57228.058	60008.64	61382.736	63104.868	63908.46	64995.204	64909.927	64587.795	65151.274
"Cameroon"	120	23344.179	25881.454	28354.698	30730.167	32927.332	35051.321	36901.28	38624.353	39695.717	40527.243	41132.043	41316.452	41097.962	40518.362	39642.445	38856.199	37796.485	36486.431
"Central African Republic"	140	4900.274	5243.151	5548.006	5812.565	6003.529	6181.311	6276.367	6312.018	6291.981	6205.819	6077.962	5867.114	5656.034	5408.514	5112.189	4822.901	4505.552	4212.929
"Chad"	148	14037.472	16022.529	18073.82	20067.308	22128.464	23954.759	25485.32	26914.193	28321.631	29441.322	30371.044	30953.706	31267.438	31608.289	31010.046	30474.427	29979.894	29257.605
"Congo"	178	4620.33	5163.782	5743.229	6359.166	7000.219	7655.396	8317.999	8908.679	9454.009	9981.493	10426.523	10797.419	11175.865	11441.302	11607.627	11739.507	11736.07	11728.313
"Democratic Republic of the Congo"	180	77266.814	88052.478	99830.794	112338.12	125066.771	137290.089	149623.645	161510.995	173076.372	184370.453	193822.896	203741.942	210763.492	216934.626	221203.61	227413.563	226219.107	225288.905
"Equatorial Guinea"	226	845.06	816.362	828.712	868.686	906.538	943.05	996.243	1033.781	1069.879	1108.464	1148.7	1159.171	1174.745	1160.133	1159.082	1147.932	1129.278	1065.317
"Gabon"	266	1725.292	1884.097	2035.591	2184.025	2318.576	2443.466	2557.073	2657.612	2721.491	2777.787	2793.947	2805.936	2800.52	2756.243	2709.868	2616.603	2538.914	2450.518
"Sao Tome and Principe"	678	190.344	199.846	210.586	220.148	231.05	240.579	253.774	261.33	270.707	272.898	277.061	277.232	274.993	272.966	272.234	268.444	265.757	259.609
"Algeria"	12	39666.519	42237.161	44286.315	45765.01	46973.6	48088.333	48922.773	49581.939	49831.35	49485.345	48762.237	47577.185	46511.613	44996.533	43707.63	42177.513	40428.278	38977.887
"Egypt"	818	91508.084	99145.878	105799.46	111541.482	117279.276	122866.998	127878.787	131702.531	134511.238	136552.438	136937.565	137531.537	137523.782	136226.569	134529.75	132237.13	128412.921	124657.349
"Libya"	434	6278.438	6045.494	5756.856	5443.261	5120.434	4810.791	4551.532	4256.699	3900.196	3559.448	3318.858	3039.549	2858.905	2722.405	2542.077	2397.268	2239.507	2049.013
"Morocco"	504	34377.511	35784.949	36845.555	37449.39	37748.693	37714.377	37549.049	37198.15	36402.999	35420.549	34147.079	32597.417	30958.227	29283.061	27321.772	25472.632	23501.568	21519.153
"Sudan"	729	40234.882	43577.554	47455.885	51262.36	54951.733	58798.68	62259.701	65551.785	68555.88	70519.087	72014.445	73889.24	74829.521	75156.792	75135.455	75307.085	73811.06	72255.014
"Tunisia"	788	11253.554	11528.075	11690.216	11710.03	11616.425	11380.849	11190.033	10869.288	10585.104	10154.651	9494.348	8892.854	8408.615	7927.5	7528.283	7071.941	6561.987	6118.628
"Western Sahara"	732	572.54	471.484	456.493	449.735	445.625	445.924	432.576	420.657	407.554	393.577	372.988	356.953	337.528	326.487	308.061	291.951	270.461	257.571
"Botswana"	72	2262.485	2413.554	2531.028	2614.266	2682.818	2733.159	2750.511	2760.758	2745.003	2716.432	2654.554	2573.086	2466.815	2356.41	2242.844	2111.963	1987.099	1853.551
"Lesotho"	426	2135.022	2212.782	2278.402	2332.557	2381.997	2427.535	2463.943	2499.897	2509.436	2503.078	2473.431	2431.002	2376.398	2304	2232.43	2149.399	2056.189	1950.047
"Namibia"	516	2458.83	2614.724	2790.282	2936.986	3084.707	3201.416	3296.21	3347.965	3382.668	3427.087	3401.988	3349.547	3233.382	3162.197	3037.582	2932.682	2769.377	2680.574
"South Africa"	710	54490.406	56311.787	58005.482	59273.102	60144.949	60694.813	60838.059	60229.823	59216.832	57579.026	56407.53	54426.036	52436.532	50047.992	47429.302	45141.991	42803.408	40421.697
"Swaziland"	748	1286.97	1328.162	1376.391	1409.735	1441.129	1465.282	1488.738	1492.428	1487.593	1471.996	1449.707	1416.079	1385.766	1349.473	1295.962	1244.497	1188.649	1137.765
"Benin"	204	10879.829	12135.423	13439.996	14740.98	16036.916	17235.448	18423.278	19486.153	20367.982	21185.333	21775.152	22180.145	22453.115	22533.5	22434.802	22273.673	21970.78	21644.088
"Burkina Faso"	854	18105.57	20514.51	22947.472	25434.621	27904.926	30247.41	32455.393	34324.382	36271.012	37748.277	38931.995	40293.24	41081.824	41291.123	41339.353	41374.733	41080.853	39959.75
"Cabo Verde"	132	520.502	515.158	513.548	500.38	486.753	479.241	472.435	449.252	427.78	411.548	397.014	373.717	346.519	311.112	274.886	253.447	226.434	202.497
"Cote d'Ivoire"	384	22701.556	24950.154	27198.001	29278.622	31408.462	33413.936	35359.488	36987.883	38481.382	39789.507	40507.444	41210.559	41612.218	41851.235	40877.333	40924.727	39642.818	38039.759
"Gambia"	270	1990.924	2212.589	2490.061	2815.247	3137.764	3476.401	3782.93	4087.917	4338.846	4528.007	4706.8	4860.447	4947.908	5079.067	5103.15	5099.428	5101.416	4975.488
"Ghana"	288	27409.893	29449.519	31641.759	33665.605	35830.986	37921.825	39856.11	41207.756	42704.412	43917.481	44510.548	45008.717	45534.164	45255.922	44954.054	44402.884	43298.996	41761.409
"Guinea"	324	12608.59	13341.878	14350.241	15357.001	16417.654	17324.738	18446.254	19231.955	20187.941	21067.369	22060.676	22526.288	22703.549	22742.312	22672.383	23034.453	22298.456	21871.266
"Guinea-Bissau"	624	1844.325	2020.217	2191.458	2349.909	2501.887	2649.882	2773.944	2870.358	2955.912	3031.052	3071.551	3102.995	3066.247	3005.991	2972.47	2872.416	2805.623	2701.677
"Liberia"	430	4503.438	4505.535	4651.777	4927.344	5240.357	5692.401	6073.815	6500.46	6734.652	7052.952	7273.267	7499.392	7735.095	7886.558	7893.84	8117.72	7970.161	7734.21
"Mali"	466	17599.694	19825.222	22223.543	24633.812	27172.691	29619.86	31681.626	33860.464	35649.722	37033.606	38097.247	38930.223	39984.32	40443.65	40333.187	39216.108	38884.101	37557.157
"Mauritania"	478	4067.564	4508.946	4950.707	5386.231	5822.257	6256.931	6636.888	6998.679	7301.117	7574.895	7810.872	7960.115	8052.092	8063.472	8059.053	7941.259	7864.076	7733.46
"Niger"	562	19899.12	24093.132	28934.171	34319.3	40137.69	46420.066	52904.343	59576.902	66155.633	73059.13	80491.365	86169.883	91457.607	96466.315	101238.689	104666.643	106839.716	109575.53
"Nigeria"	566	182201.962	204067.861	226924.874	249593.885	272594.379	294148.662	313663.467	331341.341	347716.721	358814.258	370449.685	380119.342	383315.967	383643.088	383347.34	378580.133	372941.505	360435.854
"Senegal"	686	15129.273	17099.131	19134.579	21218.837	23474.416	25788.164	27998.803	30216.469	32235.533	34115.744	36022.008	37950.749	39269.34	40566.58	41893.586	42330.607	42837.76	43057.42
"Sierra Leone"	694	6453.184	6703.936	7051.656	7461.598	7852.47	8201.703	8527.946	8851.929	8899.127	9161.648	9266.346	9321.52	9497.502	9213.583	9157.578	8980.421	8769.812	8438.171
"Togo"	768	7304.578	7842.415	8454.488	9073.83	9784.469	10446.728	10954.194	11453.868	11938.048	12309.183	12619.812	12854.113	13006.577	13047.207	12914.149	12734.255	12581.488	12121.883
"ASIA"	935	4393296.014	4578197.122	4733858.552	4858005.988	4955016.608	5027124.96	5069006.388	5081510.237	5066898.584	5021587.08	4963706.209	4883688.881	4788774.052	4692083.636	4599696.543	4498755.034	4385564.001	4281512.824
"China"	156	1376048.943	1393463.122	1393904.092	1379892.027	1356730.854	1323337.18	1283009.087	1235799.004	1181495.812	1126425.41	1065085.936	1007898.439	949187.48	895307.332	849512.277	804862.898	765039.161	725657.135
"China, Hong Kong SAR"	344	7287.983	7024.412	6740.991	6347.227	5996.127	5623.355	5261.757	4865.473	4409.628	4006.219	3554.427	3174.924	2823.673	2458.248	2149.115	1860.985	1638.588	1454.835
"China, Macao SAR"	446	587.606	554.547	524.341	486.363	451.173	418.039	379.99	346.131	310.331	275.357	235.29	204.736	167.524	140.854	120.164	96.261	82.069	73.101
"Dem. People's Republic of Korea"	408	25155.317	25544.136	25840.426	26021.278	25923.963	25779.459	25434.097	25024.943	24456.792	23910.489	23360.395	22706.828	22028.697	21389.487	20701.408	20014.115	19306.11	18538.542
"Japan"	392	126573.481	123813.43	120581.48	116714.713	112526.62	108289.569	103910.021	99595.805	95491.711	91447.889	87063.595	82700.341	79012.513	75209.92	71954.446	69228.781	66534.257	64484.679
"Mongolia"	496	2959.134	3116.841	3241.165	3315.551	3381.297	3433.763	3477.293	3514.387	3503.757	3517.422	3480.496	3454.885	3349.758	3291.894	3206.43	3099.032	3010.789	2938.7
"Republic of Korea"	410	50293.439	50275.717	50123.974	49907.687	49199.366	47921.751	46131.708	44181.326	41938.834	39745.842	37384.561	35197.541	32948.992	30638.9	28420.157	26469.371	24711.981	23160.597
"Other non-specified areas"	158	23381.038	22902.889	22423.445	21883.524	21107.33	20167.554	19056.563	17747.791	16483.065	15241.105	13992.28	12706.04	11359.902	10206.949	9053.109	8078.833	7131.198	6396.847
"Kazakhstan"	398	17625.226	17856.858	17773.908	17425.861	17003.987	16598.686	15993.516	15385.451	14905.855	14363.827	13547.839	12922.223	12351.583	11495.817	10791.365	10313.268	9439.776	9113.846
"Kyrgyzstan"	417	5939.962	6174.087	6371.618	6480.015	6617.234	6615.893	6648.965	6660.5	6615.372	6427.152	6294.918	6169.766	5964.991	5833.57	5624.612	5432.454	5238.708	4994.329
"Tajikistan"	762	8481.855	9140.566	9703.03	10189.621	10624.135	11139.317	11558.956	11872.756	12063.561	12159.339	12239.914	12174.593	12167.658	11999.824	11750.334	11564.609	11402.623	11077.532
"Turkmenistan"	795	5373.502	5577.71	5763.778	5886.948	5952.802	5974.055	5976.296	5921.903	5802.065	5645.805	5500.994	5266.818	5065.059	4838.821	4620.434	4362.643	4095.189	3863.037
"Uzbekistan"	860	29893.488	31126.307	31972.913	32265.065	32468.604	32393.216	32249.264	31697.32	30846.828	29549.515	28327.336	26740.862	25184.372	23698.274	21796.589	20165.759	18646.866	17253.034
"Afghanistan"	4	32526.562	32020.932	31899.855	32110.218	32745.583	32697.041	33276.394	33936.951	33642.526	33485.579	32535.792	31827.106	30029.778	28645.485	26923.904	25157.243	22367.51	19732.877
"Bangladesh"	50	160995.642	166727.818	172130.747	176771.288	179259.137	180612.264	180435.915	178668.349	176747.172	172669.91	168136.025	162715.137	156234.03	148643.216	140116.824	132219.91	124102.883	115809.75
"Bhutan"	64	774.83	758.426	753.349	740.756	725.597	700.484	676.052	638.297	624.221	600.48	567.321	529.336	487.266	449.449	408.106	370.888	332.981	297.305
"India"	356	1311050.527	1374852.112	1432217.834	1480561.571	1517157.193	1547186.294	1566668.004	1572715.754	1565924.312	1547801.712	1527403.2	1490794.77	1448512.271	1401227.053	1356164.42	1302370.179	1244362.974	1190194.903
"Iran (Islamic Republic of)"	364	79109.272	80881.383	82459.881	82754.476	82848.577	82631.449	81829.196	80464.265	78133.262	75070.602	71736.096	66835.974	62214.834	58098.599	54164.092	50441.46	47074.301	43538.125
"Maldives"	462	363.657	384.138	399.938	411.199	418.658	422.781	424.438	422.082	415.319	405.075	391.897	373.947	353.408	333.062	312.773	291.761	270.014	248.058
"Nepal"	524	28513.7	29522.133	30394.712	31038.558	31333.212	31202.008	30978.287	30567.58	29796.162	28591.01	27363.729	25831.609	24333.639	22086.07	19998.707	17813.654	15891.514	14156.466
"Pakistan"	586	188924.874	204769.82	219572.199	232925.385	244542.629	255736.699	264245.252	270030.498	274184.668	274828.165	275466.487	273666.689	268857.121	262337.08	252779.352	243673.221	237383.592	226443.533
"Sri Lanka"	144	20715.01	20844.881	20795.464	20584.858	20188.862	19741.436	19164.258	18484.575	17702.267	16795.118	15866.635	14964.085	13899.284	12979.277	12081.16	11125.483	10223.889	9326.304
"Brunei Darussalam"	96	423.188	438.343	447.699	451.113	449.566	444.037	436.452	422.616	404.966	381.816	355.098	328.377	302.648	276.493	254.673	233.325	211.12	193.932
"Cambodia"	116	15577.899	16387.841	17136.98	17847.53	18461.271	19078.003	19565.649	19849.9	20047.867	20192.694	20133.184	20027.517	19715.203	19122.987	18510.854	17913.758	17331.22	16446.382
"Indonesia"	360	257563.815	269035.803	278311.427	285560.722	290828.533	294521.505	296836.484	296150.246	293236.815	290251.367	284121.487	278171.276	270217.323	262752.403	253550.182	245186.905	236724.761	227056.971
"Lao People's Democratic Republic"	418	6802.023	7151.735	7510.092	7788.602	8035.571	8241.196	8376.208	8506.174	8531.387	8490.712	8344.234	8171.414	7896.976	7507.076	7146.72	6703.692	6333.761	5917.885
"Malaysia"	458	30331.007	32076.127	33678.858	34994.838	35925.93	36434.472	36799.24	36907.39	36653.282	36390.27	35838.479	35104.402	34160.581	32886.56	31628.15	30471.75	29122.859	27647.129
"Myanmar"	104	53897.154	55066.11	55841.073	56170.015	56163.001	55503.25	54449.835	52867.203	50735.581	48657.184	46525.195	44350.095	41984.298	39640.837	37319.309	35085.118	32689.615	30127.187
"Philippines"	608	100699.395	106791.57	112332.688	116853.631	121126.135	124337.008	126879.315	128744.38	129459.108	129193.844	128639.595	126355.478	124169.089	120924.628	117693.666	113326.058	108131.247	103747.19
"Singapore"	702	5603.74	5897.252	6085.555	6179.966	6140.866	6036.757	5834.928	5549.7	5210.698	4880.17	4462.851	4101.461	3731.991	3366.606	3036.823	2688.572	2418.882	2142.01
"Thailand"	764	67959.359	67664.759	67050.384	65988.639	64287.523	62136.211	59506.337	56334.639	53020.901	49570.284	46026.792	42520.53	39119.574	35829.909	32548.029	29130.315	26189.368	24114.237
"Timor-Leste"	626	1184.765	1234.343	1301.343	1361.908	1440.971	1564.949	1651.182	1729.359	1858.972	1910.318	1955.118	2015.34	2022.91	1992.558	1989.258	1972.304	1953.297	1942.615
"Viet Nam"	704	93447.601	97110.49	100374.747	102416.725	103458.937	104247.364	104347.875	103999.554	102817.908	100952.995	98363.646	95425.54	92537.925	88998.892	85641.337	82663.538	79435.683	76985.876
"Armenia"	51	3017.712	2908.829	2758.35	2573.823	2383.283	2197.657	2027.791	1898.758	1703.103	1546.398	1393.512	1227.607	1068.207	945.433	821.09	766.893	698.192	628.617
"Azerbaijan"	31	9753.968	10115.51	10280.124	10304.145	10240.972	10147.349	9945.543	9732.722	9425.446	9097.136	8749.949	8297.017	7868.113	7507.988	7181.245	6940.594	6636.4	6403.953
"Bahrain"	48	1377.237	1255.634	1183.14	1142.383	1100.699	1094.116	1083.498	1025.573	1000.021	966.506	913.734	885.842	835.41	794.545	755.918	733.996	700.516	695.323
"Cyprus"	196	1165.3	1159.365	1136.694	1105.701	1065.949	1020.096	963.135	902.265	843.307	771.855	700.611	622.837	545.184	490.999	428.768	362.583	293.892	262.881
"Georgia"	268	3999.812	3665.833	3328.752	2963.266	2599.409	2269.165	1982.343	1693.458	1444.194	1219.717	1008.619	814.543	682.994	572.088	490.585	411.458	330.876	265.714
"Iraq"	368	36423.395	41048.444	45643.966	50719.644	55916.375	61111.792	66525.219	71480.655	76392.146	80575.501	84463.391	87819.545	90167.338	92449.591	94170.045	96325.002	97507.223	97973.232
"Israel"	376	8064.036	8298.846	8520.691	8732.748	8914.286	9072.326	9187.365	9199.051	9243.212	9307.866	9240.352	9041.555	8956.408	8789.875	8635.755	8528.014	8430.828	8180.764
"Jordan"	400	7594.547	7606.636	7759.236	7745.39	7952.267	8243.344	8468.114	8379.873	8447.497	8517.617	8367.351	8275.667	8201.417	7863.926	7527.419	7294.316	6769.979	6455.821
"Kuwait"	414	3892.115	3624.23	3516.939	3496.634	3565.491	3656.851	3751.843	3809.701	3830.201	3839.643	3890.389	3829.395	3895.294	3845.725	3936.001	3944.987	3985.786	4058.086
"Lebanon"	422	5850.743	5958.821	5950.51	5746.121	5388.764	5118.461	4891.251	4718.782	4528.679	4281.064	3996.927	3800.808	3491.08	3092.116	2729.197	2323.319	1991.844	1712.756
"Oman"	512	4490.541	5099.563	5387.731	5458.611	5355.337	5343.896	5459.244	5452.577	5580.767	5536.848	5400.818	5251.028	5158.36	5119.73	4980.268	4980.059	4894.751	4759.147
"Qatar"	634	2235.355	1964.833	1971.65	2050.964	2108.449	2251.844	2355.306	2477.141	2661.42	2791.83	2887.876	3035.584	3170.072	3225.515	3248.667	3413.866	3502.843	3514.735
"Saudi Arabia"	682	31540.372	33055.29	34047.314	34091.158	33697.627	33179.346	32545.346	31316.41	30017.525	28766.888	26732.825	26198.991	24901.77	23476.997	22130.957	21187.977	19860.097	18847.805
"State of Palestine"	275	4668.466	4839.959	5056.058	5242.274	5476.877	5762.696	6121.854	6386.831	6608.125	6632.963	6801.864	6831.618	6747.734	6662.162	6644.157	6611.989	6406.014	6400.22
"Syrian Arab Republic"	760	18502.413	16802.574	16477.904	17239	17671.672	18092.738	17910.237	17570.505	17141.483	16668.445	16566.895	16304.281	15720.71	15030.203	14070.685	12923.364	11942.021	11113.386
"Turkey"	792	78665.83	82811.319	86161.838	89045.835	91288.257	92465.855	93432.892	93128.352	92347.499	91190.56	89394.401	87184.17	84752.105	81400.018	77840.994	73991.338	69901.338	65948.502
"United Arab Emirates"	784	9156.963	7595.009	7570.23	7743.964	8187.376	8523.812	9312.693	9740.522	10381.703	10461.496	10793.678	11145.352	11593.011	11908.674	12589.224	12692.153	12980.762	13045.214
"Yemen"	887	26832.215	29077.683	31246.831	33314.239	34861.856	36136.112	37206.025	38107.257	38297.736	37998.369	37399.52	36234.834	34652.511	33336.15	31769.42	30149.809	28410.307	26428.501
"EUROPE"	908	738095.558	734584.184	728228.228	719237.716	708152.351	695729.409	683135.602	669023.681	653728.266	637699.405	623799.852	608937.968	597817.805	587277.509	579033.911	572163.735	565917.483	559280.005
"Belarus"	112	9495.826	9330.849	9115.919	8819.089	8505.719	8204.678	7922.593	7678.905	7398.48	7129.986	6833.145	6598.754	6381.833	6184.519	6000.537	5836.414	5697.117	5529.98
"Bulgaria"	100	7149.787	6775.958	6391.856	5998.101	5590.322	5221.728	4868.763	4549.163	4255.897	3965.747	3678.603	3420.362	3183.45	3022.919	2867.409	2739.752	2622.374	2493.461
"Czech Republic"	203	10543.186	10387.039	10171.019	9881.55	9544.612	9212.006	8886.278	8594.511	8278.993	7923.284	7549.074	7238.419	6873.669	6588.422	6301.434	6062.088	5870.566	5670.208
"Hungary"	348	9855.023	9523.714	9195.44	8822.812	8442.057	8020.067	7628.905	7268.594	6927.549	6562.144	6189.868	5815.808	5525.826	5218.586	4939.527	4707.843	4485.658	4239.359
"Poland"	616	38611.794	37908.812	36864.909	35545.06	33990.059	32281.414	30479.87	28667.765	26951.015	25143.452	23362.475	21518.367	19639.66	17843.067	16339.956	14917.35	13559.077	12464.427
"Republic of Moldova"	498	4068.897	3939.749	3774.119	3572.963	3343.257	3123.676	2859.165	2617.261	2353.119	2124.639	1872.167	1652.192	1436.648	1237.135	1078.346	940.87	814.325	707.866
"Romania"	642	19511.324	18461.886	17342.927	16170.837	14946.608	13719.588	12531.811	11337.114	10229.292	9092.549	8050.187	7051.166	6270.517	5491.246	4871.559	4334.636	3748.193	3280.587
"Russian Federation"	643	143456.918	141281.122	138226.622	133969.489	128772.641	124106.361	119882.067	115842.391	111618.119	107311.048	102777.788	98855.011	95870.09	92838.939	89584.513	87058.427	84782.703	82294.544
"Slovakia"	703	5426.258	5361.926	5263.102	5120.784	4943.722	4734.169	4525.822	4311.993	4087.814	3863.566	3633.079	3383.484	3153.586	2967.16	2806.222	2653.501	2509.123	2370.647
"Ukraine"	804	44823.765	43375.236	41799.641	39992.432	38102.471	36341.582	34610.198	33063.755	31270.855	29593.887	28025.069	26415.856	24977.105	24072.147	23160.546	22349.837	21528.755	20652.74
"Channel Islands"	830	163.692	164.382	164.508	162.966	160.318	156.617	151.805	146.683	140.897	134.686	127.327	120.764	113.812	108.019	103.587	96.365	91.214	86.995
"Denmark"	208	5669.081	5726.106	5773.054	5806.801	5798.126	5769.189	5717.785	5654.165	5616.248	5542.063	5458.996	5402.001	5315.738	5206.55	5129.862	5015.005	4913.334	4820.04
"Estonia"	233	1312.558	1246.929	1191.927	1130.361	1073.754	1018.56	961.632	917.789	877.22	825.747	787.606	733.597	701.967	678.506	648.527	619.921	596.33	572.633
"Finland"	246	5503.457	5518.642	5503.734	5441.543	5351.456	5226.554	5095.957	4960.398	4842.694	4703.153	4595.028	4469.706	4335.07	4173.584	4033.612	3892.726	3755.215	3617.976
"Iceland"	352	329.425	334.432	338.008	338.852	338.501	335.978	330.689	323.896	315.241	304.511	295.179	282.785	270.987	261.049	247.878	235.799	222.866	210.79
"Ireland"	372	4688.465	4576.463	4412.841	4220.367	4011.553	3852.797	3698.145	3522.443	3354.192	3110.732	2896.853	2727.594	2545.389	2376.973	2292.979	2181.454	2056.103	1939.489
"Latvia"	428	1970.503	1812.746	1651.747	1503.156	1348.447	1209.204	1090.508	964.36	860.132	768.563	674.9	599.385	525.659	466.38	410.693	386.912	364.131	342.793
"Lithuania"	440	2878.405	2607.067	2354.222	2099.008	1846.071	1618.816	1418.734	1227.328	1065.841	906.231	766.387	671.481	583.633	505.456	442.289	394.049	363.324	327.506
"Norway"	578	5210.967	5475.004	5724.652	5947.007	6143.202	6295.41	6397.816	6492.818	6553.275	6586.497	6582.051	6585.662	6547.317	6496.531	6456.864	6341.77	6237.424	6156.191
"Sweden"	752	9779.426	10008.628	10211.093	10351.081	10431.702	10457.651	10459.402	10509.932	10523.176	10548.159	10491.507	10446.168	10449.313	10400.395	10357.037	10352.068	10300.824	10189.834
"United Kingdom"	826	64715.81	65885.826	66794.121	67197.673	67332.662	67243.928	66832.701	66326.484	65636.989	64796.577	63851.193	62756.725	61879.691	60775.402	59768.643	58595.781	57716.639	56260.456
"Albania"	8	2896.679	2771.227	2652.391	2529.551	2385.88	2235.507	2080.922	1939.153	1797.997	1664.344	1541.773	1390.321	1277.371	1154.678	1005.992	883.295	808.636	746.338
"Bosnia and Herzegovina"	70	3810.416	3499.611	3230.775	2943.186	2670.335	2392.464	2122.537	1865.773	1615.992	1393.201	1171.295	991.456	804.5	662.527	523.942	409.42	306.732	235.636
"Croatia"	191	4240.317	4064.079	3874.396	3673.64	3478.681	3286.746	3081.102	2872.955	2688.171	2508.652	2333.807	2152.565	1982.5	1826.92	1688.972	1533.672	1432.354	1311.994
"Greece"	300	10954.617	10448.078	9911.215	9345.276	8793.904	8186.368	7582.499	7005.501	6404.11	5797.541	5212.739	4633.386	4111.002	3696.259	3307.53	2940.95	2587.051	2355.466
"Italy"	380	59797.685	58813.224	57506.365	56002.522	54477.415	52818.891	50979.64	48774.391	46432.041	44114.491	41751.6	39415.58	37262.04	35422.969	33753.95	32080.164	30604.623	29235.784
"Malta"	470	418.67	414.317	407.167	398.003	383.29	365.872	348.627	330.174	313.844	292.655	273.423	252.602	234.716	215.331	197.849	182.077	167.611	155.166
"Montenegro"	499	625.781	594.938	567.899	541.021	509.707	476.642	445.227	413.636	381.133	350.626	318.822	289.185	260.947	235.584	214.816	188.261	173.01	156.187
"Portugal"	620	10349.803	9739.378	9143.209	8490.481	7927.629	7318.546	6784.781	6100.618	5515.262	4870.64	4323.751	3697.727	3250.49	2850.658	2509.152	2239.171	1898.694	1581.075
"Serbia"	688	8850.975	8405.262	8028.426	7636.825	7290.848	6884.84	6498.132	6142.87	5772.847	5394.513	5033.52	4700.798	4331.551	4048.937	3761.506	3526.515	3253.533	3023.864
"Slovenia"	705	2067.526	2034.895	1985.104	1929.178	1854.364	1781.955	1709.979	1634.744	1559.176	1475.083	1396.576	1308.528	1230.72	1177.764	1124.237	1068.803	1030.392	992.733
"Spain"	724	46121.699	44326.476	42379.639	40336.475	37854.092	35585.145	33484.429	31066.579	28250.665	25536.443	23049.764	20436.329	17857.405	15848.563	14406.665	13257.59	12379.115	10768.944
"TFYR Macedonia"	807	2078.453	2009.844	1939.056	1850.201	1750.837	1647.098	1537.387	1428.406	1327.277	1215.432	1102.32	993.282	902.588	803.957	735.367	667.862	591.549	536.747
"Austria"	40	8544.586	8545.603	8539.085	8488.419	8397.415	8261.938	8092.715	7903.047	7663.912	7394.654	7167.592	6892.638	6655.082	6427.852	6248.885	6060.501	5895.949	5725.655
"Belgium"	56	11299.192	11494.501	11653.648	11754.332	11786.766	11785.387	11750.965	11664.787	11534.79	11388.145	11199.722	11011.289	10848.159	10644.165	10508.453	10350.5	10169.339	10040.987
"France"	250	64395.345	64854.281	65222.982	65394.783	65497.765	65207.372	64985.288	64140.655	63305.918	62081.437	61030.696	60660.574	60292.949	59340.792	58342.754	57421.919	56627.641	55521.248
"Germany"	276	80688.545	79082.176	77280.113	75043.828	72682.505	70064.595	66961.077	63950.641	60570.543	57125.852	54066.338	51377.712	48416.78	45941.206	44107.852	41795.912	39951.605	38448.254
"Luxembourg"	442	567.11	607.643	640.765	663.501	684.426	699.483	707.66	704.792	699.001	685.072	662.693	641.843	609.558	575.289	531.776	502.089	471.307	441.625
"Netherlands"	528	16924.929	17044.015	17124.185	17136.554	17095.78	16930.828	16720.741	16392.309	16107.951	15849.671	15555.246	15369.59	15194.533	14948.873	14759.695	14450.603	14271.574	14073.822
"Switzerland"	756	8298.663	8420.959	8475.995	8441.305	8333.281	8204.974	8017.141	7670.128	7333.755	7079.811	6763.572	6480.678	6233.448	5934.004	5618.062	5359.697	5163.038	4841.461
"LATIN AMERICA AND THE CARIBBEAN"	904	634047.644	661878.957	685403.554	704599.796	718897.669	728407.366	734160.174	734801.659	732666.094	726088.753	716166.184	703534.821	686697.716	668923.535	647816.809	625244.699	603631.7	580199.142
"Antigua and Barbuda"	28	91.818	89.787	88.199	85.628	83.675	79.531	75.091	71.205	67.011	62.754	58.298	54.988	50.574	48.172	44.111	41.036	37.199	34.096
"Aruba"	533	103.889	92.869	84.849	77.923	71.882	66.467	59.923	54.251	48.807	42.7	39.379	36.194	32.5	28.972	26.599	23.869	21.844	19.455
"Bahamas"	44	388.019	390.394	386.066	373.401	359.167	341.148	321.121	299.308	282.591	260.759	241.9	226.718	204.911	183.691	165.568	144.824	128.603	121.24
"Barbados"	52	284.215	280.653	275.342	268.881	260.355	249.654	236.682	225.731	212.176	201.013	192.637	182.074	172.542	161.001	149.835	139.259	132.503	121.77
"Cuba"	192	11389.562	11193.586	10908.898	10548.087	10119.488	9615.467	9072.335	8440.25	7820.607	7137.212	6469.425	5828.826	5239.188	4737.167	4229.677	3785.415	3365.924	2930.861
"Curacao"	531	157.203	150.437	142.904	135.453	125.433	116.012	108.434	98.895	91.825	85.791	78.083	73.269	67.884	62.653	57.058	53.931	49.689	45.216
"Dominican Republic"	214	10528.391	10980.096	11330.73	11617.144	11791.643	11846.224	11836.349	11732.074	11522.616	11238.401	10875.619	10466.63	10011.136	9518.58	8993.784	8489.582	7943.592	7368.01
"Grenada"	308	106.825	101.692	96.403	90.113	84.274	78.995	76.727	72.447	66.757	61.993	57.747	51.955	46.541	42.451	38.507	32.28	29.58	26.611
"Guadeloupe"	312	468.45	456.23	440.719	419.458	389.185	359.697	327.949	293.899	261.265	223.208	187.688	155.193	125.387	99.694	79.386	63.748	48.293	38.822
"Haiti"	332	10711.067	11240.882	11680.693	12012.537	12265.148	12428.878	12482.967	12469.522	12360.909	12156.395	11791.584	11372.986	10878.408	10456.913	9925.676	9386.577	8854.839	8391.884
"Jamaica"	388	2793.335	2754.512	2682.367	2576.42	2436.619	2272.76	2140.985	1974.047	1821.38	1644.953	1461.004	1294.701	1120.039	987.028	884.702	755.617	639.975	525.281
"Martinique"	474	396.425	380.86	366.146	347.733	327.756	306.814	283.074	258.99	238.099	215.714	200.684	187.126	176.163	165.708	155.157	145.299	134.53	124.701
"Puerto Rico"	630	3683.238	3589.067	3478.581	3368.125	3216.898	3069.731	2914.383	2751.051	2583.328	2395.262	2208.956	2021.472	1855.682	1684.393	1528.959	1378.232	1241.075	1116.9
"Saint Lucia"	662	184.999	186.462	185.49	182.199	177.386	171.008	163.2	154.07	143.673	134.425	124.946	114.902	104.448	95.965	85.21	77.016	67.527	62.268
"Saint Vincent and the Grenadines"	670	109.462	106.528	102.445	97.078	90.491	83.901	76.639	68.999	61.016	52.089	43.62	36.404	29.197	22.138	16.136	11.721	8.086	5.064
"Trinidad and Tobago"	780	1360.088	1334.313	1275.243	1211.249	1131.126	1048.453	975.223	898.99	811.779	732.408	642.678	565.182	496.672	439.808	385.685	332.009	282.407	247.022
"United States Virgin Islands"	850	106.291	92.55	85.012	78.492	73.451	68.488	64.653	59.734	56.031	52.118	48.782	45.335	42.265	40.614	40.027	37.116	35.079	32.34
"Belize"	84	359.287	376.467	388.757	400.308	404.582	401.457	392.363	381.458	368.861	349.175	330.878	312.007	291.306	271.388	256.423	240.897	223.333	206.71
"Costa Rica"	188	4807.85	4991.36	5138.482	5240.583	5301.66	5307.334	5275.176	5214.352	5111.41	4994.37	4838.943	4673.634	4458.519	4285.05	4059.147	3837.198	3640.686	3456.501
"El Salvador"	222	6126.583	6109.923	6041.749	5931.893	5768.14	5554.403	5306.289	5030.003	4695.841	4419.313	4063.976	3697.27	3322.532	2958.551	2573.378	2194.193	1851.257	1561.591
"Guatemala"	320	16342.897	17699.274	18968.024	20067.247	21018.357	21899.664	22689.044	23184.19	23421.835	23629.76	23618.94	23339.703	22987.412	22303.291	21608.674	20869.033	19850.324	18876.605
"Honduras"	340	8075.06	8454.236	8777.978	9015.95	9174.113	9278.552	9263.617	9178.682	9041.965	8774.836	8492.616	8126.532	7710.226	7283.848	6796.193	6277.964	5735.81	5275.143
"Mexico"	484	127017.224	132527.225	136866.417	139971.79	141765.943	142347.745	141826.222	139336.45	137065.187	133816.174	128580.657	122504.131	117015.595	110110.552	102947.972	95281.666	87269.532	79432.832
"Nicaragua"	558	6082.032	6301.387	6448.56	6551.904	6577.69	6552.797	6444.059	6272.01	6047.834	5802.617	5523.037	5135.168	4776.283	4386.6	3971.515	3555.419	3166.775	2775.314
"Panama"	591	3929.141	4183.465	4415.233	4618.076	4803.64	4959.141	5080.57	5172.214	5231.168	5267.067	5264.912	5212.103	5127.349	5057.707	4936.438	4834.284	4699.229	4569.876
"Argentina"	32	43416.755	44985.354	46495.65	47636.615	48691.683	49532.74	50140.912	50598.847	50649.306	50374.783	49948.268	49541.988	48716.515	47892.425	46951.372	46126.407	44589.906	43267.061
"Bolivia (Plurinational State of)"	68	10724.705	11411.241	12056.696	12608.97	13097.231	13489.901	13829.329	13994.587	14045.635	14053.577	13993.285	13896.303	13621.874	13249.204	12789.589	12229.198	11567.977	10963.204
"Brazil"	76	207847.528	213925.304	218501.201	221236.302	221875.599	221066.657	218939.653	215504.166	209524.134	202659.355	194347.111	185970.14	177000.783	167549.151	158076.376	149642.368	140524.898	130576.113
"Chile"	152	17948.141	18666.634	19234.54	19669.765	19969.189	20145.713	20154.911	20034.96	19791.908	19441.192	18991.77	18501.569	17993.482	17326.246	16812.125	16039.632	15421.373	14666.784
"Colombia"	170	48228.704	49720.522	50722.233	51233.18	51279.06	50917.363	50158.231	49120.778	47720.78	46103.57	44226.911	42237.45	39877.244	37503.558	35088.408	32799.593	30532.426	28349.034
"Ecuador"	218	16144.363	17138.482	18026.306	18802.052	19463.312	20014.299	20390.546	20595.508	20742.167	20695.688	20512.295	20193.144	19925.651	19506.774	19088.136	18333.326	17720.594	16990.745
"French Guiana"	254	268.606	279.622	286.17	289.696	288.944	286.572	285.519	278.612	279.121	281.832	283.452	288.506	283.876	284.69	278.603	280.951	273.894	257.12
"Guyana"	328	767.085	746.972	718.484	679.724	628.709	579.65	535.938	494.913	461.858	422.862	391.198	356.677	334.079	297.565	266.257	241.97	220.325	193.131
"Paraguay"	600	6639.123	6977.177	7269.865	7505.056	7703.668	7822.64	7886.279	7926.887	7904.096	7823.266	7675.82	7488.424	7297.111	7043.711	6740.722	6403.194	6084.051	5787.617
"Peru"	604	31376.67	32841.357	34112.544	35064.208	35737.316	36080.901	36223.386	36179.991	35771.151	35201.888	34302.417	33207.393	32213.413	30860.304	29388.367	27818.217	26313.956	24611.747
"Suriname"	740	542.975	535.282	521.907	505.226	486.244	458.444	437.424	404.147	375.857	351.234	328.71	311.907	291.074	270.915	250.666	225.756	207.13	188.04
"Uruguay"	858	3431.555	3410.958	3378.334	3330.506	3263.387	3192.287	3119.175	3020.857	2908.49	2798.541	2698.257	2571.817	2445.692	2314.347	2178.936	2031.608	1901.038	1771.377
"Venezuela (Bolivarian Republic of)"	862	31108.083	32784.973	34317.696	35560.618	36582.55	37379.422	37931.787	38194.319	38119.903	37936.306	37532.881	36883.883	36146.573	35247.562	34137.084	32932.57	31779.737	30306.919
"NORTHERN AMERICA"	905	357713.558	367405.689	376454.364	383505.222	388603.107	391433.067	394116.599	395307.508	395395.785	395061.103	396898.045	396589.289	397309.799	396067.134	393936.963	391803.822	388272.239	389492.251
"Canada"	124	35939.927	36838.466	37515.806	37895.714	37977.207	37788.573	37113.338	36288.05	35495.117	34704.08	33756.199	32980.731	32232.127	30840.913	29375.459	28138.977	27454.004	26820.584
"United States of America"	840	321773.631	330017.62	337666.875	343883.809	348084.719	350470.786	352035.825	353509.793	352746.993	352114.989	352010.2	352247.378	351751.53	350020.086	350035.607	349893.453	349010.154	346600.684
"OCEANIA"	909	39089.256	41123.13	42782.244	44064.04	45104.679	45911.714	46280.311	46655.891	46768.782	47013.855	46661.661	46404.217	46231.512	45705.587	44754.922	43761.293	42606.425	41889.885
"Australia"	36	23968.973	24882.338	25482.014	25769.602	25677.126	25630.641	25013.358	24448.368	23992.554	23207.47	22418.875	21533.774	20526.688	19626.349	18558.631	17343.828	16308.25	15536.398
"New Zealand"	554	4528.526	4567.359	4626.64	4653.128	4688.873	4651.851	4622.636	4577.367	4471.417	4357.565	4277.288	4205.235	4126.898	4019.355	3924.974	3818.66	3653.302	3517.62
"Fiji"	242	892.145	886.568	874.682	858.073	839.461	807.417	781.786	757.843	736.138	699.37	660.397	640.053	600.764	575.169	546.15	517.835	484.958	455.227
"New Caledonia"	540	263.118	269.226	277.475	282.598	289.466	294.087	296.968	297.128	294.865	294.676	290.863	291.227	286.283	280.963	278.808	273.717	270.721	268.759
"Papua New Guinea"	598	7619.321	8299.952	8954.609	9589.953	10179.558	10734.977	11183.323	11571.414	11861.987	12042.313	12201.773	12217.127	12172.317	12038.038	11824.964	11647.108	11397.201	11080.136
"Solomon Islands"	90	583.591	630.416	675.441	719.444	759.377	794.603	827.455	854.678	874.9	886.798	896.959	896.85	893.264	892.39	874.743	845.457	817.422	782.794
"Vanuatu"	548	264.652	285.133	306.083	326.598	346.165	364.762	381.061	396.414	408.241	417.655	424.552	428.24	430.589	427.842	425.509	420.166	408.89	396.694
"Guam"	316	169.885	173.836	176.723	177.765	176.604	175.286	172.941	167.806	164.364	158.014	151.825	146.231	139.62	132.03	125.561	117.636	109.126	101.796
"Kiribati"	296	112.423	118.861	124.611	129.537	132.96	136.382	140.427	143.357	145.64	145.713	144.592	143.297	141.336	140.297	137.39	133.522	128.062	122.113
"Micronesia (Fed. States of)"	583	104.46	101.066	102.006	101.237	100.495	96.971	95.234	92.807	92.244	89.831	87.44	84.508	80.334	76.175	71.252	67.133	62.668	57.304
"French Polynesia"	258	282.764	287.601	292.629	294.253	292.261	288.812	284.696	282.642	277.251	269.68	260.707	251.405	240.124	227.982	216.61	202.799	191.553	179.356
"Samoa"	882	193.228	193.492	192.419	189.778	186.276	181.203	175.011	169.095	163.324	157.708	152.656	145.742	140.814	133.475	125.972	118.963	109.025	100.294
"Tonga"	776	106.17	102.254	96.932	93.024	89.308	86.978	85.412	82.692	80.975	78.23	74.948	72.449	70.127	67.775	64.12	60.911	56.879	52.893
