"name"	"country_code"	"2015"	"2020"	"2025"	"2030"	"2035"	"2040"	"2045"	"2050"	"2055"	"2060"	"2065"	"2070"	"2075"	"2080"	"2085"	"2090"	"2095"	"2100"
"WORLD"	900	7348416.351	7780360.819	8193078.509	8585816.671	8956812.774	9313818.659	9655973.075	9976781.492	10281955.139	10584572.177	10860885.694	11143314.023	11398455.051	11649561.088	11888311.486	12121061.016	12370083.976	12603946.68
"AFRICA"	903	1186174.321	1346010.093	1516932.354	1700457.839	1897730.881	2104438.897	2322913.769	2550637.402	2785348.247	3026782.448	3267819.314	3521580.307	3775047.399	4032556.869	4286725.644	4543426.488	4811974.616	5078187.076
"Burundi"	108	11178.921	13518.32	15997.109	18796.176	21602.747	25023.113	28916.003	32875.803	37727.244	42720.724	47713.228	52687.407	58485.759	65290.585	71169.938	77324.187	83059.951	90090.967
"Comoros"	174	788.474	909.076	1031.544	1157.81	1290.57	1431.895	1575.47	1729.009	1885.697	2030.77	2159.922	2302.616	2439.907	2599.884	2727.754	2850.918	3006.341	3125.248
"Djibouti"	262	887.861	1117.129	1342.464	1548.842	1719.453	1909.679	2023.964	2190.601	2287.666	2405.236	2516.217	2648.872	2800.951	2964.18	2899.221	2950.5	2974.002	3192.638
"Eritrea"	232	5227.791	6158.434	7142.554	8215.98	9269.192	10471.933	11656.171	13023.809	14394.721	15756.411	17120.073	18370.696	19661.353	20884.177	22349.842	23516.525	24741.873	26441.733
"Ethiopia"	231	99390.75	115707.531	133762.87	151819.092	171374.178	190852.765	211314.869	233324.603	256271.195	278960.232	301112	322222.634	342246.335	362804.744	378604.788	399002.747	416767.556	429757.408
"Kenya"	404	46050.302	52586.478	59514.497	66802.51	74519.151	82727.884	91211.37	99686.395	108546.256	116577.322	125148.048	133664.966	142020.225	148770.735	157883.308	165969.548	172952.725	179170.215
"Madagascar"	450	24235.39	28166.305	32638.363	37533.176	42870.343	49019.821	55647.387	63212.695	71280.215	79902.978	88594.28	98931.434	108983.186	119855.221	131108.499	142324.6	155600.684	168914.075
"Malawi"	454	17215.232	21324.41	25660.473	30244.138	35639.497	41628.126	48572.164	55793.849	63701.919	70951.447	79439.781	88636.423	99570.053	107998.849	119174.861	129507.117	142113.285	154131.599
"Mauritius"	480	1273.212	1310.452	1341.64	1361.311	1370.827	1374.554	1366.157	1359.836	1350.766	1325.821	1299.843	1276.746	1253.605	1204.855	1189.666	1155.553	1132.201	1095.151
"Mayotte"	175	240.015	286.336	340.716	398.86	462.915	536.098	606.034	686.621	763.344	846.42	927.168	1020.579	1105.171	1210.551	1301.041	1418.299	1527.338	1601.467
"Mozambique"	508	27977.863	33455.673	39198.893	45509.828	52559.413	59921.457	67806.121	77054.918	86701.264	96821.122	108140.272	119539.045	131072.83	144341.591	157255.209	169299.067	183878.44	198233.31
"Reunion"	638	861.154	922.804	977.458	1030.934	1087.105	1146.78	1193.111	1233.991	1272.116	1318.17	1360.688	1411.397	1478.441	1529.882	1575.714	1621.816	1659.637	1677.521
"Rwanda"	646	11609.666	14416.758	16973.584	19396.583	21952.18	24495.486	27019.96	29650.236	32793.548	35292	38110.904	41386.105	42912.097	44810.147	46888.278	48655.641	50637.986	52642.78
"Seychelles"	690	96.471	103.115	108.691	113.855	117.537	122.322	126.111	130.198	133.127	135.528	140.044	141.778	143.194	145.608	147.127	149.305	151.775	155
"Somalia"	706	10787.104	14507.923	18380.334	22008.347	26059.582	30881.941	35579.104	40930.378	46193.529	52269.866	59497.612	69380.826	76745.874	84984.404	93853.381	100368.09	109122.65	116562.129
"South Sudan"	728	12339.812	15789.208	19169.439	23011.282	26787.218	31377.966	35603.481	40631.92	45301.704	50994.473	55773.977	61889.887	67098.211	72070.039	76571.301	81766.623	87889.811	91522.141
"Uganda"	800	39032.383	46471.511	54811.392	64180.884	74701.589	86422.225	98751.996	111921.723	126261.879	140439.915	157879.348	175487.447	193188.493	210225.067	228208.887	246026.35	265240.848	286357.173
"United Republic of Tanzania"	834	53470.42	63443.472	74798.025	88200.816	103947.682	121349.562	141044.427	162916.35	188326.872	214793.891	243087.846	273908.567	309021.355	342372.968	382204.57	418390.686	463457.243	509798.254
"Zambia"	894	16211.767	18986.4	22073.929	25578.597	29465.001	33742.213	38444.867	43689.487	49282.387	55102.005	61446.152	68663.877	76140.408	84122.09	92354.766	101501.183	110846.629	119791.524
"Zimbabwe"	716	15602.751	17618.278	19618.359	21669.266	23773.563	26131.559	28516.251	30944.266	33210.967	35446.278	37698.59	39858.826	41996.309	44210.494	45493.095	47426.554	48776.142	50709.525
"Angola"	24	25021.974	29890.053	35448.246	41696.681	48513.232	56590.686	64835.06	74058.672	83853.501	94957.343	106732.224	119593.575	133821.695	147373.637	162952.181	178729.149	195112.224	211470.902
"Cameroon"	120	23344.179	26526.121	29902.92	33451.742	37117.544	41123.811	45217.247	49353.631	53672.767	57861.1	62179.243	66435.49	70563.666	74688.655	78469.915	81740.603	85163.109	88078.495
"Central African Republic"	140	4900.274	5457.419	5992.515	6536.272	7057.944	7571.934	8092.391	8539.649	9042.948	9459.034	9857.561	10180.472	10448.568	10657.694	10848.281	10897.493	10983.46	11051.742
"Chad"	148	14037.472	16748.419	19833.792	23261.489	27204.839	31389.44	35929.845	40879.343	46037.666	51386.389	57739.523	64155.342	70517.304	77754.153	84628.15	91785.427	99680.409	106426.709
"Congo"	178	4620.33	5335.266	6114.712	6991.827	7942.573	8989.901	10094.634	11303.001	12574.99	13926.292	15333.002	16826.077	18328.78	19922.739	21622.68	23406.042	25245.179	26945.372
"Democratic Republic of the Congo"	180	77266.814	92064.768	108813.34	127291.794	148684.736	173103.258	199763.388	229711.693	261836.905	298728.681	337399.465	375185.498	417410.835	463615.932	513393.172	561363.028	608161.665	663268.584
"Equatorial Guinea"	226	845.06	1098.765	1325.989	1548.702	1778.237	1983.601	2236.505	2482.962	2780.538	2996.705	3271.602	3537.464	3724.403	3947.823	4224.251	4400.27	4617.996	4982.702
"Gabon"	266	1725.292	1943.104	2173.244	2406.912	2652.883	2908.948	3168.983	3426.794	3654.632	3916.958	4131.446	4384.446	4618.126	4831.173	4979.479	5153.91	5340.826	5475.305
"Sao Tome and Principe"	678	190.344	223.097	260.559	302.267	342.564	382.891	435.63	485.667	533.142	584.525	630.402	680.267	735.412	792.563	845.057	900.609	945.312	997.19
"Algeria"	12	39666.519	43493.709	46788.765	49824.499	52725.278	55713.997	58837.65	61755.279	64451.805	66806.943	69012.449	70364.981	72424.642	74325.498	75636.722	77310.724	78559.034	79555.414
"Egypt"	818	91508.084	101760.22	111616.302	121639.135	132456.117	144378.762	156847.726	168435.84	180407.047	192588.413	203503.974	215247.469	227412.912	239536.755	251645.423	261375.083	271969.881	279693.041
"Libya"	434	6278.438	6577.867	6883.584	7216.43	7604.486	7970.256	8233.028	8541.925	8732.088	8876.917	8999.358	9224.391	9374.384	9692.727	9907.292	10185.934	10424.653	10669.588
"Morocco"	504	34377.511	36910.291	39159.398	41229.029	43186.268	44814.618	46616.145	47919.309	49339.834	50523.829	51428.368	51708.046	52439.027	52969.535	53018.387	53084.943	52724.67	52748.162
"Sudan"	729	40234.882	46664.328	53417.834	60757.057	68672.212	76638.225	85171.776	93981.19	103429.363	111789.253	121402.301	131565.359	141569.354	153257.176	161494.015	171262.49	183859.257	192560.898
"Tunisia"	788	11253.554	12067.219	12806.79	13473.673	13977.112	14469.457	15025.041	15535.634	16095.92	16388.5	16631.019	16843.302	16986.662	17106.36	17537.311	17818.964	18037.908	18240.072
"Western Sahara"	732	572.54	661.631	715.998	792.769	892.807	976.32	1026.163	1079.263	1129.45	1167.394	1219.336	1285.592	1332.611	1351.052	1432.425	1490.002	1572.169	1638.939
"Botswana"	72	2262.485	2515.612	2757.506	2978.86	3197.662	3422.091	3652.389	3822.544	4014.452	4208.833	4380.105	4515.499	4638.984	4718.852	4801.815	4907.084	5053.335	5145.283
"Lesotho"	426	2135.022	2310.437	2486.467	2657.492	2837.627	3009.208	3208.634	3406.732	3613.578	3808.805	4006.84	4216.669	4423.401	4607.634	4758.649	4900.619	4961.74	5109.658
"Namibia"	516	2458.83	2818.723	3177.009	3519.1	3867.295	4222.33	4590.6	4938.37	5267.534	5573.661	5900.566	6158.951	6440.515	6618.622	6860.559	7034.978	7256.934	7297.658
"South Africa"	710	54490.406	58376.847	62133.848	65650.942	69100.399	72279.62	75231.545	77774.24	80271.97	81841.269	83681.281	85122.581	86897.678	88165.999	88853.077	89602.771	90319.09	91060.942
"Swaziland"	748	1286.97	1410.071	1520.782	1626.244	1716.022	1826.896	1941.219	2043.202	2148.601	2243.259	2323.628	2400.985	2484.362	2535.765	2578.822	2620.129	2665.878	2738.817
"Benin"	204	10879.829	12554.39	14366.198	16268.46	18339.383	20532.171	22780.599	25211.755	27708.573	30126.491	32705.959	35162.281	38061.112	40572.292	43571.769	46140.683	48938.959	51565.125
"Burkina Faso"	854	18105.57	21074.457	24454.192	28210.818	32428.522	37059.967	42046.333	47336.052	53023.457	59141.656	65758.97	72899.703	80509.304	88192.603	95953.548	104446.298	111426.202	119193.664
"Cabo Verde"	132	520.502	591.083	657.76	727.969	800.506	858.486	926.95	980.582	1055.227	1110.08	1160.431	1180.295	1232.461	1277.808	1285.061	1312.984	1345.666	1344.721
"Cote d'Ivoire"	384	22701.556	26155.964	30077.802	34556.353	39658.198	45144.224	51057.125	57405.657	64259.196	71975.26	79046.5	86555.508	95616.886	102941.605	110728.731	118779.145	129077.078	138781.33
"Gambia"	270	1990.924	2458.893	2943.426	3467.735	4017.548	4603.748	5276.231	6047.073	6845.399	7650.253	8482.394	9363.443	10303.662	11323.485	12303.009	13252.787	14056.405	15360.406
"Ghana"	288	27409.893	31486.315	35637.423	39720.534	43976.489	48672.26	53619.211	58797.795	64151.005	69447.052	74371.158	78799.878	83971.891	89736.528	94846.473	100440.159	105499.55	109765.101
"Guinea"	324	12608.59	15290.81	17982.192	20944.413	24380.994	27894.616	31149.827	34956.48	39224.897	42442	46802.094	51705.417	56096.267	60964.783	65890.433	70088.087	73793.649	77824.31
"Guinea-Bissau"	624	1844.325	2095.137	2362.582	2650.585	2959.947	3282.677	3609.728	3971.606	4356.067	4725.326	5130.734	5560.225	5998.818	6392.358	6736.092	7101.383	7404.021	7764.409
"Liberia"	430	4503.438	5714.911	6884.217	8144.118	9450.577	10811.884	12509.057	13785.861	15371.512	17355.825	18766.439	20422.329	22286.314	23888.307	25763.742	27112.086	28859.997	30070.048
"Mali"	466	17599.694	20762.014	24348.088	28489.053	33352.978	38609.012	44513.655	50976.652	57465.842	64600.842	72368.432	80053.707	88397.907	97712.529	107366.8	115893.104	124720.351	135201.042
"Mauritania"	478	4067.564	4635.857	5260.237	5926.81	6628.996	7384.619	8225.514	9125.559	10022.232	10924.622	11888.259	12894.607	13975.505	15065.96	16118.809	17315.353	18502.112	19615.425
"Niger"	562	19899.12	24623.648	30566.361	37981.684	47043.33	57951.871	71130.415	86771.394	105534.956	124824.44	148543.485	174380.17	203738.719	234295.756	268229.563	304799.846	348444.188	385081.091
"Nigeria"	566	182201.962	209493.785	239571.019	272893.418	310267.861	351157.041	396157.926	445244.846	495993.727	550966.993	612885.857	675912.181	741018.669	806069.933	872102.654	943059.1	1016492.488	1093952.796
"Senegal"	686	15129.273	17811.482	20812.623	24163.771	27828.581	31702.182	36149.501	40989.33	45927.815	51559.247	57823.49	63977.955	71391.855	78171.557	85372.639	92695.53	100803.68	109669.501
"Sierra Leone"	694	6453.184	7654.149	8780.493	9967.977	11341.945	12654.677	14243.922	15843.673	17364.706	18939.044	20931.754	22412.256	23823.726	25556.874	27269.367	28903.537	29719.574	31289.418
"Togo"	768	7304.578	8596.114	9896.833	11230.254	12677.289	14072.767	15632.74	17338.093	19110.035	20996.302	22624.608	24525.955	26235.916	27571.038	29149.788	30770.022	32418.639	33867.304
"ASIA"	935	4393296.014	4622728.532	4828717.449	5012232.086	5174913.337	5309450.148	5434909.91	5536809.472	5623855.75	5689631.645	5734684.263	5770871.787	5795887.747	5824746.934	5847735.287	5846170.647	5855471.434	5867508.419
"China"	156	1376048.943	1411153.054	1433713.38	1447829.957	1451891.035	1447186.688	1436167.089	1423240.365	1405701.204	1384512.729	1357253.477	1328473.995	1302970.079	1279632.72	1261340.597	1248448.498	1234665.47	1228861.559
"China, Hong Kong SAR"	344	7287.983	7942.24	8437.337	8857.08	9163.743	9424.626	9731.254	10025.127	10158.426	10425.825	10657.066	10977.276	11123.648	11324.995	11696.899	11873.698	12078.975	12215.866
"China, Macao SAR"	446	587.606	694.54	790.308	864.015	938.224	980.47	1009.142	1020.425	1025.941	1030.221	1037.236	1025.362	1003.442	1007.806	1026.965	1012.313	998.123	1000.394
"Dem. People's Republic of Korea"	408	25155.317	26035.217	26845.516	27533.452	28066.911	28494.231	28809.136	29073.004	29421.662	29665.694	30014.495	30263.568	30512.97	30750.216	30993.97	31335.534	31568.257	31809.367
"Japan"	392	126573.481	126121.679	124978.504	123430.743	121586.872	119431.855	117337.113	115308.161	113482.337	111755.648	110007.545	108507.511	106643.924	105404.735	104438.752	103856.665	104163.277	104269.254
"Mongolia"	496	2959.134	3238.984	3478.076	3703.635	3931.619	4163.12	4409.251	4637.16	4850.911	5070.63	5277.219	5461.43	5644.735	5822.466	6002.042	6177.556	6347.663	6485.477
"Republic of Korea"	410	50293.439	52050.768	53349.068	54730.514	55803.774	56175.911	56088.533	55731.086	55438.405	54822.202	54207.69	53424.923	52710.204	52059.16	51381.413	50767.514	50696.478	50161.112
"Other non-specified areas"	158	23381.038	23877.806	24220.293	24467.154	24595.331	24627.918	24398.673	24009.141	23371.061	23022.134	22516.107	22094.944	21593.296	20860.264	20316.895	19827.58	19652.574	19368.862
"Kazakhstan"	398	17625.226	19672.687	21610.604	23599.606	25564.672	27721.397	29817.806	31829.764	34289.461	36359.02	38335.525	40254.932	43163.362	45313.272	48389.321	50251.472	52245.633	53798.869
"Kyrgyzstan"	417	5939.962	6636.137	7292.94	7960.7	8686.212	9487.921	10264.224	11040.331	11907.891	12643.112	13699.005	14482.214	15400.893	16459.409	17383.797	18187.945	19141.799	19802.904
"Tajikistan"	762	8481.855	9722.451	10939.789	12224.149	13421.202	14707.142	16058.455	17578.062	18957.051	20327.376	21796.991	23340.987	24847.264	26240.481	27474.804	28667.44	30375.306	31087.5
"Turkmenistan"	795	5373.502	5841.657	6259.072	6629.212	6972.086	7265.961	7543.137	7823.106	8037.913	8209.726	8335.03	8453.123	8551.762	8629.057	8834.799	8931.006	8980.644	8992.013
"Uzbekistan"	860	29893.488	32574.949	35106.328	37389.354	39839.166	42275.732	44497.483	46723.506	48481.25	50206.148	51982.848	53174.689	54540.221	56780.986	58345.622	59090.906	60417.218	61300.799
"Afghanistan"	4	32526.562	41577.783	50921.645	59634.199	67862.121	76210.664	84210.174	92395.595	97890.704	106290.096	111328.263	115737.386	123766.815	128182.513	131803.79	139468.11	146716.772	151779.821
"Bangladesh"	50	160995.642	173463.951	185587.729	196098.076	205464.22	214086.777	221711.766	229741.362	235287.265	239313.315	243282.61	247249.359	251436.645	252537.893	253391.149	252366.088	254038.404	255354.941
"Bhutan"	64	774.83	881.945	976.363	1065.747	1148.624	1223.789	1305.974	1380.477	1423.625	1450.293	1494.76	1537.925	1542.143	1616.498	1652.747	1637.232	1641.244	1650.601
"India"	356	1311050.527	1404948.495	1497420.142	1586738.471	1671643.215	1748756.328	1823547.893	1898664.6	1974980.682	2041966.95	2104154.49	2145951.502	2190610.136	2233804.87	2277204.637	2309692.797	2331402.819	2354144.445
"Iran (Islamic Republic of)"	364	79109.272	86104.926	92020.222	97048.754	101529.297	105802.74	109485.766	113465.873	117421.844	120108.762	122270.19	123126.087	123634.726	123670.808	123796.268	124631.145	125150.071	125422.62
"Maldives"	462	363.657	399.47	429.227	454.391	477.66	499.355	520.415	540.652	556.079	567.909	575.222	577.645	581.444	583.528	587.946	585.189	579.895	575.132
"Nepal"	524	28513.7	30818.692	33146.085	35516.745	37704.086	39628.441	41301.784	43222.36	44982.231	46538.707	47729.223	48822.215	49804.351	50042.397	50002.709	49967.99	50990.374	50541.585
"Pakistan"	586	188924.874	211166.374	233332.207	255668.162	278116.777	301258.052	323804.977	346250.749	368068.45	389678.211	410644.69	430259.009	447973.433	465835.595	484114.335	500864.883	511965.438	523795.081
"Sri Lanka"	144	20715.01	21393.668	21968.011	22427.485	22800.166	23054.029	23310.367	23438.536	23505.287	23419.727	23500.804	23475.779	23414.065	23270.776	23046.264	22910.942	22778.856	22488.469
"Brunei Darussalam"	96	423.188	462.242	502.438	541.067	578.637	611.168	646.823	676.36	707.987	741.283	766.147	788.196	816.704	842.169	852.964	870.212	871.209	883.32
"Cambodia"	116	15577.899	17347.226	19123.585	21010.862	22728.905	24648.052	26329.192	28216.08	30089.98	32083.409	34182.392	35854.773	37104.046	38432.534	39726.585	40775.046	42052.155	43083.354
"Indonesia"	360	257563.815	275018.744	291247.664	306228.868	320260.596	334152.052	347507.573	359090.695	370419.47	381710.539	391060.219	400445.827	409660.302	417962.293	426352.968	436112.154	443594.367	451189.505
"Lao People's Democratic Republic"	418	6802.023	7603.851	8381.511	9142.321	9891.099	10699.769	11416.457	12106.138	12760.706	13461.833	13957.627	14510.711	14800.728	15204.186	15434.324	15453.095	15590.133	15757.681
"Malaysia"	458	30331.007	33060.574	35836.098	38520.688	41084.539	43480.106	45930.43	48249.393	50520.528	52653.988	54984.544	56870.101	59107.532	60815.238	62891.433	65060.261	66129.441	67688.877
"Myanmar"	104	53897.154	56652.05	59253.574	61689.843	63868.831	65715.371	67337.39	68296.873	68933.15	69451.636	69778.725	70052.751	70290.247	70322.002	70245.736	69842.62	69827.364	69691.997
"Philippines"	608	100699.395	109715.321	118960.087	128070.746	137116.296	145988.125	155054.992	164003.535	171728.853	179340.813	187457.83	195200.443	201949.213	209111.893	215530.706	222851.128	227356.597	232855.441
"Singapore"	702	5603.74	6298.666	7049.027	7839.07	8640.168	9388.572	10312.613	11059.859	11688.227	12454.865	13328.761	14135.667	14995.924	15749.704	16751.549	17535.517	18266.683	19264.42
"Thailand"	764	67959.359	69682.818	70828.415	71572.435	71780.581	71602.179	71133.045	70397.978	69583.886	68714.891	67979.197	67103.628	66484.031	65904.878	65635.246	65248.843	65413.565	64966.632
"Timor-Leste"	626	1184.765	1468.998	1787.724	2114.096	2437.963	2789.877	3174.841	3589.851	4067.088	4460.533	4970.102	5394.218	5936.759	6344.753	6810.341	7236.65	7778.5	8189.051
"Viet Nam"	704	93447.601	99096.785	104139.711	108412.631	111788.141	114683.891	117287.5	119343.695	121008.645	122302.613	122895.024	122976.209	123346.641	123813.908	124230.716	124107.69	124443.516	124581.372
"Armenia"	51	3017.712	3207.845	3366.845	3521.981	3667.556	3811.34	3911.427	4027.295	4105.542	4211.884	4256.484	4301.081	4330.317	4443.594	4481.745	4712.616	4728.312	4703.462
"Azerbaijan"	31	9753.968	10411.887	10883.663	11275.216	11675.09	12025.927	12358.464	12556.928	12761.716	12895.852	13116.394	13333.166	13451.04	13675.107	13923.478	14088.969	14242.129	14466.188
"Bahrain"	48	1377.237	1661.218	1857.754	1979.294	2100.525	2167.024	2234.691	2269.074	2297.722	2319.063	2343.167	2373.019	2399.388	2425.8	2481.343	2530.892	2564.212	2577.218
"Cyprus"	196	1165.3	1264.196	1353.024	1437.669	1526.584	1602.816	1676.902	1762.018	1812.107	1878.312	1943.637	2016.585	2040.984	2058.673	2096.128	2097.991	2171.768	2244.326
"Georgia"	268	3999.812	3948.001	3911.672	3876.231	3853.163	3859.748	3835.916	3825.348	3864.475	3868.834	3847.98	3850.708	3858.56	3954.34	3881.769	3967.244	4080.368	4153.99
"Iraq"	368	36423.395	42980.474	50487.628	58269.909	66673.088	75808.945	85661.193	96364.025	107591.477	119182.189	132459.473	145534.128	160176.783	175863.165	192443.883	208974.855	227223.119	246104.624
"Israel"	376	8064.036	9180.126	10315.33	11505.193	12850.688	14200.34	15617.748	17263.014	18762.221	20496.747	22053.624	23639.696	25367.111	27116.419	28837.468	31012.619	32912.185	34653.858
"Jordan"	400	7594.547	9510.225	11440.798	13282.816	15205.654	17102.273	19034.412	20870.007	22613.3	24468.138	26437.342	27817.352	29231.92	30535.709	32005.129	33468.593	34921.495	35315.981
"Kuwait"	414	3892.115	5471.958	6560.003	7486.799	8154.317	8827.197	9440.055	9692.697	10260.469	10718.381	10920.496	11216.51	11803.153	11964.341	12315.463	12686.087	13059.416	13348.203
"Lebanon"	422	5850.743	7153.671	7708.946	8195.344	9121.984	10229.466	11293.577	12376.984	13438.835	14059.177	14923.748	15457.862	16144.283	17087.231	17736.426	18283.981	19155.953	19901.059
"Oman"	512	4490.541	6811.368	8903.053	10634.355	12152.462	13162.785	13946.152	14308.59	14827.844	15073.343	14962.338	15285.769	15336.752	14836.923	14701.837	14623.152	14810.454	14863.609
"Qatar"	634	2235.355	3375.405	4330.281	5047.005	5745.338	6053.821	6650.475	7078.212	7445.762	7847.547	8159.316	8278.4	8377.775	8745.263	8884.497	8994.472	9222.962	9468.062
"Saudi Arabia"	682	31540.372	36045.279	40158.432	43810.911	47656.684	50504.975	53128.869	55342.31	56730.75	57915.998	58920.81	58879.983	60023.649	61022.98	61286.716	61410.998	62490.416	63353.131
"State of Palestine"	275	4668.466	5838.258	7072.788	8459.317	9963.147	11432.886	12916.466	14300.268	15857.994	17568.836	18933.312	20260.467	22097.739	23765.976	24819.415	25909.23	27022.043	27972.295
"Syrian Arab Republic"	760	18502.413	20332.423	22465.307	24542.204	26571.73	28506.312	30595.096	33056.166	35093.152	37067.52	39184.511	41057.683	42700.709	44166.544	46092.658	47823.678	47390.182	47718.242
"Turkey"	792	78665.83	85654.573	92569.029	99494.562	106511.681	113633.992	120227.521	126701.711	132591.226	138503.252	145126.103	150615.105	156922.409	161641.778	165939.236	170347.185	175384.778	179056.968
"United Arab Emirates"	784	9156.963	13513.516	17205.029	19852.239	21901.788	24104.014	25766.98	26610.285	28552.866	30277.894	31131.302	32671.774	33542.424	35044.151	36515.904	37266.567	38701.415	39744.544
"Yemen"	887	26832.215	31170.479	35472.981	39771.437	44172.219	48581.225	52850.798	56063.409	59607.973	62435.411	64938.058	67410.535	68858.568	70256.292	71283.7	72249.699	73203.021	73683.257
"EUROPE"	908	738095.558	740939.011	741269.407	739679.113	736308.964	732629.721	728915.736	725535.633	721558.48	718091.995	713264.875	710356.891	711215.414	715175.46	721237.306	727571.27	733191.209	738786.476
"Belarus"	112	9495.826	9547.535	9550.813	9520.924	9442.007	9388.218	9356.77	9333.045	9313.561	9283.337	9269.816	9235.969	9273.751	9302.915	9317.936	9408.255	9415.154	9499.212
"Bulgaria"	100	7149.787	6978.12	6789.206	6563.737	6369.057	6173.89	5995.235	5832.071	5671.973	5501.877	5390.354	5264.883	5186.235	5093.467	5027.374	4970.789	4912.032	4872.598
"Czech Republic"	203	10543.186	10667.772	10705.489	10664.711	10619.803	10532.163	10515.308	10482.59	10461.191	10348.148	10206.469	10120.011	10010.612	9991.244	9975.129	9978.844	9979.908	9987.671
"Hungary"	348	9855.023	9788.914	9690.768	9553.498	9390.494	9220.797	9057.175	8926.749	8733.207	8595.377	8460.117	8297.841	8178.468	8020.867	7966.822	7875.053	7817.311	7785.723
"Poland"	616	38611.794	38662.702	38422.441	37920.545	37251.288	36483.464	35694.94	34830.532	34004.956	33018.065	32128.954	31203.729	30126.275	29216.255	28510.375	27942.073	27390.433	26908.458
"Republic of Moldova"	498	4068.897	4114.672	4132.438	4134.101	4143.063	4115.504	4082.812	4040.028	4005.1	3952.621	3889.779	3844.899	3808.279	3777.817	3709.696	3677.889	3619.355	3649.44
"Romania"	642	19511.324	18973.677	18409.128	17833.269	17333.023	16846.442	16358.841	15889.508	15409.512	14866.98	14430.372	14163.864	13945.265	13601.767	13297.689	12971.464	12677.214	12392.927
"Russian Federation"	643	143456.918	144201.5	144567.628	144219.076	143496.814	143245.478	143328.502	144314.387	145500.556	146098.693	147195.481	148704.161	151353.602	154957.643	158898.951	162505.13	167284.627	169048.002
"Slovakia"	703	5426.258	5464.134	5457.345	5411.186	5329.618	5229.848	5119.559	5010.529	4902.84	4781.388	4635.045	4497.443	4376.146	4290.562	4193.312	4118.335	4061.642	4017.71
"Ukraine"	804	44823.765	44250.866	43499.686	42634.928	41625.529	40624.374	39866.323	39220.45	38589.923	37904.56	37118.305	36548.407	36187.977	36014.952	36109.21	35942.293	36072.319	35979.003
"Channel Islands"	830	163.692	169.85	175.859	181.782	187.103	192.67	198.134	203.016	207.297	212.28	217.05	223.38	229.853	238.629	247.887	254.886	262.944	271.225
"Denmark"	208	5669.081	5831.136	6016.764	6206.768	6388.138	6552.799	6722.719	6917.931	7089.406	7263.685	7493.946	7699.331	7945.204	8164.365	8365.952	8551.426	8803.139	9096.911
"Estonia"	233	1312.558	1339.103	1351.925	1360.254	1359.317	1366.008	1386.518	1393.569	1397.934	1405.193	1414.877	1418.979	1426.616	1440.182	1442.119	1451.583	1480.625	1463.919
"Finland"	246	5503.457	5687.44	5851.198	6008.08	6118.046	6222.751	6327.539	6400.891	6509.929	6624.037	6732.686	6860.412	6953.003	7068.7	7205.709	7234.906	7281.011	7492.713
"Iceland"	352	329.425	345.751	360.542	373.784	384.932	396.401	406.856	416.275	423.549	429.384	436.532	441.808	447.355	454.826	458.989	468.099	471.727	485.305
"Ireland"	372	4688.465	4941.966	5164.156	5385.4	5644.687	5962.032	6195.415	6444.008	6700.4	6878.789	7099.216	7357.746	7535.782	7575.673	7789.03	8004.55	8224.994	8461.838
"Latvia"	428	1970.503	1929.824	1898.676	1869.771	1849.224	1828.069	1819.314	1830.389	1821.425	1818.917	1838.519	1850.281	1888.034	1928.614	1941.12	1988.95	2017.426	2045.319
"Lithuania"	440	2878.405	2724.392	2602.772	2491.723	2393.834	2311.232	2236.389	2172.845	2118.262	2070.702	2030.34	2013.223	2013.961	1986.045	2004.025	1983.273	1988.602	1977.506
"Norway"	578	5210.967	5612.173	6065.141	6553.611	7082.636	7616.258	8232.85	8890.14	9583.866	10352.918	11225.166	12121.348	13127.782	14354.459	15490.588	16862.152	18394.216	19948.366
"Sweden"	752	9779.426	10281.319	10785.15	11297.801	11788.391	12286.231	12911.685	13511.876	14096.39	14732.708	15467.319	16115.546	16816.739	17595.378	18258.218	18930.204	19536.463	20339.946
"United Kingdom"	826	64715.81	67171.833	69644.348	71780.928	74014.557	76243.42	78505.996	80879.885	82854.675	84789.429	86930.916	89355.491	91793.077	94182.748	96400.22	98911.446	101336.036	104251.375
"Albania"	8	2896.679	3087.07	3257.001	3389.84	3550.573	3611.981	3707.422	3871.871	3957.987	4078.396	4132.51	4186.398	4221.916	4238.587	4333.977	4340.582	4383.459	4503.586
"Bosnia and Herzegovina"	70	3810.416	3953.799	4008.89	4040.905	4012.368	4001.257	4013.964	4034.593	4088.066	4075.952	4010.408	3936.454	3882.317	3735.502	3660.156	3618.133	3560.59	3498.039
"Croatia"	191	4240.317	4231.306	4191.186	4155.744	4121.634	4067.834	4013.697	3971.728	3917.44	3859.839	3794.344	3761.499	3705.352	3627.012	3551.76	3495.203	3454.595	3414.615
"Greece"	300	10954.617	10981.429	10978.853	10995.382	11023.22	11097.446	11170.335	11213.617	11140.844	11049.392	11046.893	11007.077	10989.248	10923.236	11083.851	11242.264	11351.074	11421.683
"Italy"	380	59797.685	60315.06	60553.287	60925.459	61292.37	61550.129	61493.996	61407.087	61549.05	61251.682	61021.037	60931.576	61236.654	61791.289	62265.707	63028.98	63994.582	64995.278
"Malta"	470	418.67	431.259	444.62	459.279	472.078	483.956	497.247	509.39	520.015	529.431	541.079	550.057	561.419	566.344	576.879	591.035	604.737	613.28
"Montenegro"	499	625.781	648.368	656.812	661.775	667.462	665	659.298	651.588	642.079	630.225	620.928	609.517	599.581	586.495	574.956	567.784	557.888	542.664
"Portugal"	620	10349.803	10462.721	10486.502	10626.617	10647.424	10729.488	10652.245	10681.323	10381.996	10375.811	10292.457	10365.781	10131.488	9986.731	9773.48	9647.923	9407.678	9361.912
"Serbia"	688	8850.975	8866.147	8810.801	8711.146	8650.177	8568.278	8408.398	8343.356	8236.445	8139.191	8053.152	7903.438	7768.97	7718.471	7554.773	7524.61	7317.51	7289.476
"Slovenia"	705	2067.526	2112.219	2145.625	2169.682	2189.789	2214.874	2219.633	2237.763	2251.661	2260.419	2257.916	2270.733	2298.144	2315.282	2350.334	2406.595	2452.619	2498.07
"Spain"	724	46121.699	47031.588	47669.922	48532.448	49330.095	49800.206	50248.81	51004.335	51317.792	51344.113	51155.833	51259.323	51694.591	52394.962	52851.481	54203.068	55107.515	55991.325
"TFYR Macedonia"	807	2078.453	2133.362	2170.265	2189.273	2188.657	2180.875	2169.735	2152.155	2142.524	2127.371	2090.993	2085.122	2072.433	2046.195	2017.264	2028.448	2023.092	2009.652
"Austria"	40	8544.586	8796.783	9011.802	9212.933	9405.367	9586.22	9729.361	9878.784	10033.818	10166.955	10279.615	10383.034	10500.169	10650.426	10868.782	11022.432	11200.718	11433.282
"Belgium"	56	11299.192	11752.905	12211.663	12671.932	13165.367	13675.282	14174.404	14722.725	15293.808	15799.599	16391.397	17057.568	17746.312	18479.189	19393.282	20132.037	20960.072	21988.617
"France"	250	64395.345	66608.782	68790.588	71062.029	73266	75573.518	77883.562	79970.543	81906.396	84334.071	86947.274	89586.577	92248.383	95165.855	98227.236	101577.915	104699.109	108227.508
"Germany"	276	80688.545	81876.39	82595.614	83311.101	83660.229	83714.769	83733.632	83312.809	82955.924	82968.184	83488.866	83743.596	83988.88	84415.099	84979.18	85660.38	86772.168	87711.667
"Luxembourg"	442	567.11	646.034	737.099	844.323	968.523	1115.167	1277.313	1451.714	1635.99	1859.8	2108.196	2375.917	2681.426	3049.303	3429.497	3920.611	4392.099	4831.157
"Netherlands"	528	16924.929	17320.737	17698.636	18104.155	18480.29	18732.879	19033.642	19269.556	19519.522	19878.303	20243.825	20613.723	21062.799	21568.681	22114.837	22483.196	22883.781	23355.241
"Switzerland"	756	8298.663	8902.261	9522.343	10079.742	10694.267	11350.38	12038.21	12632.674	13239.63	13843.108	14389.057	15073.63	15884.915	16510.646	17299.041	17921.814	18587.376	19145.258
"LATIN AMERICA AND THE CARIBBEAN"	904	634047.644	669720.244	702101.519	730752.798	757118.648	779655.09	798854.344	813775.259	825918.22	835584.583	840439.735	842188.801	843780.525	840718.895	840167.215	835777.05	828677.594	823848.542
"Antigua and Barbuda"	28	91.818	102.592	113.387	123.629	133.87	144.949	152.379	161.188	170.289	174.724	181.713	191.15	199.57	199.846	198.293	202.778	202.847	208.937
"Aruba"	533	103.889	116.702	125.912	135.879	144.824	147.116	154.332	159.831	160.117	164.964	167.537	172.489	177.589	174.138	178.416	178.41	176.505	178.137
"Bahamas"	44	388.019	435.532	480.553	531.082	582.572	624.123	672.758	719.789	769.999	820.242	859.797	925.284	961.916	988.646	1032.844	1101.105	1111.2	1156.092
"Barbados"	52	284.215	293.074	302.281	312.486	323.258	335.349	346.754	355.035	366.918	377.449	394.674	407.302	414.723	426.851	440.281	451.06	465.137	483.163
"Cuba"	192	11389.562	11519.073	11563.196	11523.765	11456.862	11293.782	11054.465	10744.595	10430.682	10114.16	9708.795	9344.227	8989.7	8683.474	8434.285	8161.599	7882.112	7620.747
"Curacao"	531	157.203	176.286	195.541	216.554	234.966	254.17	274.914	295.656	309.171	324.871	347.032	358.221	380.638	395.324	410.592	427.406	441.053	456.831
"Dominican Republic"	214	10528.391	11223.827	11881.441	12464.218	13020.647	13520.593	14007.181	14447.029	14803.845	15073.249	15322.812	15593.339	15710.312	15850.294	15859.273	15778.283	15732.823	15643.68
"Grenada"	308	106.825	118.667	130.381	142.983	154.419	168.79	179.545	193.749	204.602	214.033	219.635	229.438	242.596	245.653	249.305	253.356	262.394	280.592
"Guadeloupe"	312	468.45	496.828	523.166	549.917	582.918	608.004	627.134	647.758	672.168	695.103	715	739.518	759.137	771.763	788.461	796.497	817.18	832.449
"Haiti"	332	10711.067	11543.177	12355.541	13121.322	13890.346	14602.905	15314.54	15994.365	16592.259	17074.3	17576.192	18121.804	18450.278	18797.279	19209.926	19434.431	19609.079	19742.95
"Jamaica"	388	2793.335	2951.475	3111.482	3273.582	3446.442	3607.92	3792.055	3969.945	4116.869	4268.112	4483.578	4576.261	4812.331	4970.038	5123.875	5364.462	5477.431	5609.167
"Martinique"	474	396.425	409.446	420.797	432.725	441.708	446.509	451.582	462.11	465.265	466.844	475.635	478.761	490.197	500.247	511.498	507.227	509.402	514.886
"Puerto Rico"	630	3683.238	3758.931	3817.197	3870.243	3900.394	3923.661	3910.462	3922.118	3901.752	3876.673	3898.513	3833.876	3772.081	3726.3	3665.388	3648.872	3602.308	3544.87
"Saint Lucia"	662	184.999	197.138	209.677	222.806	236.025	248.08	260.919	273.085	284.997	300.531	313.498	326.566	338.864	360.04	375.433	386.521	398.079	416.453
"Saint Vincent and the Grenadines"	670	109.462	111.412	113.462	115.09	116.441	117.954	119.879	120.336	120.504	122.724	125.909	126.889	129.731	133.928	135.772	140.293	144.58	149.149
"Trinidad and Tobago"	780	1360.088	1409.525	1449.856	1482.631	1505.215	1545.043	1565.707	1572.135	1578.413	1572.585	1590.728	1600.069	1578.17	1578.13	1581.88	1590.507	1589.011	1618.209
"United States Virgin Islands"	850	106.291	122.24	134.69	150.918	163.684	173.845	181.992	190.333	196.512	205.367	210.44	219.492	235.718	245.329	255.002	260.149	274.723	272.471
"Belize"	84	359.287	414.797	468.957	531.229	594.232	653.962	710.084	760.138	814.356	866.824	894.737	940.066	960.744	985.184	1000.804	1037.323	1044.439	1074.142
"Costa Rica"	188	4807.85	5111.549	5401.841	5681.918	5939.86	6157.822	6353.964	6558.384	6727.423	6868.03	7017.489	7110.049	7251.793	7326.642	7403.634	7481.234	7571.7	7625.205
"El Salvador"	222	6126.583	6304.649	6460.532	6607.608	6719.721	6819.398	6871.696	6936.146	6944.273	6982.22	7007.602	6993.67	6954.455	6890.214	6819.002	6757.13	6636.531	6566.309
"Guatemala"	320	16342.897	18265.055	20242.386	22288.275	24454.094	26707.933	28920.274	31328.552	33554.01	35956.955	37995.352	40030.573	41944.438	43703.415	45377.868	47129.541	48642.348	50021.818
"Honduras"	340	8075.06	8789.672	9476.013	10109.65	10719.55	11229.927	11704.337	12098.574	12525.354	12872.235	13062.214	13129.751	13247.253	13312.707	13330.166	13228.169	13119.813	13032.286
"Mexico"	484	127017.224	136277.915	144764.992	152369.608	159017.155	164921.243	170589.22	175250.717	179603.382	182058.413	184704.868	186068.799	186508.404	186591.74	186124.627	184697.055	183449.455	180784.254
"Nicaragua"	558	6082.032	6481.378	6850.248	7184.653	7489.394	7776.806	8042.814	8250.846	8435.841	8577.973	8685.924	8745.74	8766.932	8762.641	8702.031	8642.876	8574.785	8537.248
"Panama"	591	3929.141	4276.156	4623.895	4974.09	5324.086	5680.825	6018.574	6363.487	6701.277	7009.738	7307.545	7586.314	7874.82	8144.132	8431.029	8685.114	8942.895	9263.905
"Argentina"	32	43416.755	46079.123	48716.393	51353.899	54005.715	56711.507	59206.491	61800.247	64285.562	66355.379	68790.909	70997.163	72756.524	74668.555	76498.403	78099.925	79866.351	81225.423
"Bolivia (Plurinational State of)"	68	10724.705	11688.501	12694.629	13719.426	14740.22	15805.603	16888.642	18008.251	19055.465	20066.3	21004.434	22072.47	22878.385	23917.817	24584.871	25257.571	25907.957	26561.758
"Brazil"	76	207847.528	218166.168	227761.421	236447.736	244226.485	250800.651	256494.217	260928.831	265570.421	268913.152	270720.089	271093.732	271702.431	272103.868	272562.658	272265.023	270902.792	271730.481
"Chile"	152	17948.141	19001.871	20033.061	21025.479	21952.122	22803.897	23668.992	24462.399	25160.641	25902.977	26525.254	27113.697	27627.146	28170.544	28752.002	29222.946	29864.594	30347.304
"Colombia"	170	48228.704	50714.188	52971.12	54970.166	56768.977	58345.987	59562.416	60633.627	61357.688	61845.468	62098.203	62148.183	62282.775	62201.581	62278.939	61984.657	62267.906	61778.159
"Ecuador"	218	16144.363	17522.256	18877.085	20221.906	21509.009	22825.884	24053.342	25233.261	26373.048	27402.65	28370.899	29307.009	30196.662	30842.233	31479.072	31869.596	32498.5	32843.251
"French Guiana"	254	268.606	327.903	393.95	477.044	571.046	681.955	798.49	907.634	1006.648	1103.597	1222.6	1323.966	1434.018	1543.799	1679.718	1809.803	1914.459	2034.524
"Guyana"	328	767.085	829.637	904.373	976.894	1065.34	1151.763	1245.623	1330.638	1465.526	1556.648	1636.881	1751.099	1882.083	1996.079	2102.996	2153.517	2253.804	2277.005
"Paraguay"	600	6639.123	7157.23	7673.969	8164.244	8633.942	9069.485	9514.645	9909.191	10301.021	10637.426	10967.611	11241.633	11475.428	11617.821	11772.63	12028.169	12194.995	12212.798
"Peru"	604	31376.67	33617.052	35754.83	37692.636	39630.768	41572.114	43288.786	45026.477	46590.286	47988.418	49068.83	50151.101	51112.901	51989.647	52641.118	53145.862	53682.466	53992.229
"Suriname"	740	542.975	597.994	653.549	712.189	777.294	836.769	912.775	969.519	1018.817	1079.593	1126.99	1197.162	1252.053	1299.297	1383.705	1434.965	1487.479	1595.078
"Uruguay"	858	3431.555	3548.187	3654.959	3745.859	3832.304	3920.032	3976.732	4025.54	4082.787	4083.231	4118.257	4148.3	4166.075	4190.857	4157.792	4104.616	4144.722	4083.374
"Venezuela (Bolivarian Republic of)"	862	31108.083	33495.73	35796.899	37995.845	40040.139	42015.43	43815.525	45599.316	47167.142	48658.47	49994.488	51125.767	52315.719	53260.113	53893.499	54333.689	54880.325	55443.451
"NORTHERN AMERICA"	905	357713.558	373854.418	389959.659	405777.172	420965.924	435229.994	448402.921	461290.992	474539.352	489783.772	506994.301	525070.721	542024.254	559644.164	579772.518	600586.03	620506.236	642837.986
"Canada"	124	35939.927	38072.411	40053.503	41928.713	43621.998	45246.62	46873.111	48412.589	50116.01	51714.217	53529.205	55222.295	57021.558	59191.39	60762.851	62668.798	65115.145	67758.955
"United States of America"	840	321773.631	336360.963	351145.631	365812.618	379895.385	393555.712	405776.774	418371.876	432031.901	445735.836	459755.761	476729.154	496411.293	513419.405	533818.678	553202.807	567403.871	589319.212
"OCEANIA"	909	39089.256	42561.386	46078.017	49632.259	53364.126	56936.601	60543.24	64485.735	68221.864	73056.005	76836.955	81387.53	86492.102	90296.575	95128.781	99786.259	104352.404	107098.252
"Australia"	36	23968.973	26282.825	28599.734	31067.649	33526.259	35926.523	38701.06	41515.6	44568.698	47386.142	51739.16	55466.929	59767.884	63257.813	66308.936	70536.582	74322.96	78588.58
"New Zealand"	554	4528.526	4813.015	5062.571	5317.47	5540.369	5705.07	5917.989	6074.155	6199.67	6369.494	6562.474	6758.733	7009.093	7151.358	7292.354	7528.176	7727.181	7912.917
"Fiji"	242	892.145	957.686	1023.056	1086.53	1142.767	1203.037	1263.869	1329.763	1382.523	1437.37	1500.37	1544.569	1601.668	1659.068	1734.775	1808.833	1819.424	1848.043
"New Caledonia"	540	263.118	286.73	307.932	327.567	347.358	366.696	383.592	402.815	419.186	438.32	453.488	473.587	489.085	508.937	526.169	542.467	555.347	576.699
"Papua New Guinea"	598	7619.321	8509.954	9441.162	10428.081	11418.514	12443.758	13485.956	14505.951	15597.21	16757.306	17799.926	18914.824	19978.236	21125.108	22258.092	23239.601	24420.485	25337.857
"Solomon Islands"	90	583.591	649.658	719.531	794.551	873.734	954.564	1040	1127.958	1218.331	1307.778	1397.91	1488.389	1586.267	1677.467	1783.106	1874.036	1962.752	2036.54
"Vanuatu"	548	264.652	299.454	334.191	371.999	410.87	450.845	492.337	534.465	575.352	619.932	660.989	701.954	748.878	786.795	829.454	876.837	918.443	941.829
"Guam"	316	169.885	185.831	201.337	217.448	232.106	247.954	262.401	274.425	285.862	297.47	312.318	324.095	338.119	346.81	355.874	368.227	383.387	392.922
"Kiribati"	296	112.423	125.673	139.492	152.755	166.296	180.682	194.073	209.965	223.334	237.711	253.439	268.376	281.249	295.867	308.134	321.73	335.291	350.209
"Micronesia (Fed. States of)"	583	104.46	117.308	131.836	149.145	165.075	181.358	196.994	220.126	238.583	260.038	274.008	288.484	303.746	316.827	327.412	335.814	341.107	352.896
"French Polynesia"	258	282.764	307.17	331.436	353.778	374.022	395.131	414.39	429.698	447.29	459.153	473.389	492.988	509.86	526.41	540.532	553.084	571.19	584.768
"Samoa"	882	193.228	207.092	222.535	242.609	265.897	290.518	322.382	345.251	377.386	420.889	460.615	498.818	542.376	588.865	644.966	690.498	737.033	772.245
"Tonga"	776	106.17	114.883	125.624	139.095	157.061	176.375	196.114	220.215	247.87	276.718	300.943	332.967	369.14	403.318	436.483	481.333	513.331	554.778
