"name"	"country_code"	"2015"	"2020"	"2025"	"2030"	"2035"	"2040"	"2045"	"2050"	"2055"	"2060"	"2065"	"2070"	"2075"	"2080"	"2085"	"2090"	"2095"	"2100"
"WORLD"	900	3641738.973	3831044.302	4007273.638	4170159.315	4319494.727	4455833.418	4574041.762	4678908.433	4764965.684	4838515.305	4894020.01	4941570.435	4986665.802	5021184.053	5040699.674	5045133.6	5053492.882	5056237.63
"AFRICA"	903	592721.705	665048.062	741245.846	821617.897	904852.494	992616.868	1079587.034	1168071.439	1255784.042	1339996.369	1423319.205	1502335.94	1581276.948	1651083.87	1714713.218	1775729.11	1824721.565	1870693.355
"Burundi"	108	5654.689	6342.288	6998.247	7617.546	8305.762	9041.869	9802.562	10552.039	11201.269	11718.143	12250.715	12837.058	13100.386	13168.596	13229.902	13313.067	13247.692	13188.913
"Comoros"	174	390.774	424.26	459.118	491.85	528.571	561.738	590.079	616.856	641.774	669.331	684.241	693.289	695.937	688.715	684.279	674.955	658.765	639.92
"Djibouti"	262	442.019	394.187	369.464	359.628	360.228	364.086	374.55	372.823	368.169	355.983	331.263	327.135	315.359	308.955	289.76	267.884	248.885	235.502
"Eritrea"	232	2608.948	2760.139	2936.893	3143.458	3359.092	3593.221	3848.876	4042.003	4195.176	4294.841	4389.655	4447.863	4492.031	4532.499	4520.239	4490.439	4396.201	4330.17
"Ethiopia"	231	49783.139	54828.18	60055.911	65188.248	70149.535	74848.354	79022.31	82927.812	85777.237	89078.185	91575.412	93957.505	95127.665	95219.827	94113.557	92314.985	89610.706	87523.062
"Kenya"	404	23033.365	25652.576	28222.606	30785.979	33379.44	35892.15	38092.456	40015.512	41632.036	42926.211	43844.714	44434.603	44733.052	44735.105	44280.158	43761.25	42810.569	41589.725
"Madagascar"	450	12152.929	13768.991	15518.744	17288.644	19124.607	20969.268	22851.23	24685.828	26508.583	28190.982	29804.452	31280.104	32623.267	33700.547	34784.997	35446.04	36013.83	36283.762
"Malawi"	454	8622.171	9519.511	10558.305	11772.578	13010.638	14407.649	15881.945	17136.361	18759.241	20271.217	21398.246	22477.683	23677.696	24633.806	25172.532	25687.203	26567.505	26716.413
"Mauritius"	480	644.371	637.211	626.291	608.681	585.728	559.149	527.985	493.801	458.171	421.993	387.213	354.007	320.996	287.725	255.014	224.89	198.906	174.686
"Mayotte"	175	122.137	131.208	140.565	148.613	155.879	162.792	170.066	176.009	181.603	186.684	190.62	192.729	190.475	188.709	185.337	185.239	182.683	175.06
"Mozambique"	508	14311.663	15988.323	17852.413	19753.057	21638.296	23648.184	25514.233	27471.506	29107.072	30722.729	32101.723	33142.249	34319.874	35216.859	35885.565	36441.098	36845.522	36774.54
"Reunion"	638	444.386	446.02	447.579	447.894	444.038	434.844	422.965	408.067	388.169	364.728	336.134	308.968	279.344	254.522	226.393	197.82	170.266	144.08
"Rwanda"	646	6050.1	6282.882	6651.225	7058.833	7502.122	8050.668	8504.138	8882.986	9165.452	9389.27	9650.798	9683.192	9566.332	9470.678	9326.173	9037.016	8800.865	8545.952
"Seychelles"	690	47.605	47.754	47.892	47.644	47.271	46.738	45.804	44.332	43.102	41.272	39.445	37.772	35.864	33.961	32.172	30.858	29.157	27.28
"Somalia"	706	5419.167	5195.296	5638.201	6291.975	6911.982	7565.842	8137.696	8895.159	9524.278	10330.74	10994.443	11417.741	12076.621	12163.197	12513.168	12874.926	12985.878	12780.665
"South Sudan"	728	6160.58	6559.128	6926.724	7314.873	7727.445	8102.505	8546.534	8861.5	9164.791	9492.113	9852.489	10010.356	10140.335	10308.534	10456.601	10709.747	10602.775	10377.71
"Uganda"	800	19525.205	22379.298	25414.831	28451.917	31565.004	34470.898	37291.483	39791.388	42239.571	44187.164	45960.424	46969.675	47385.493	48193.591	47952.042	47621.397	46785.828	45979.858
"United Republic of Tanzania"	834	26896.189	30906.748	35406.028	40276.966	45543.45	51175.593	56954.926	62635.444	68324.497	73888.33	79297.058	84744.892	89622.303	94079.864	97384.988	101126.935	103716.972	106061.427
"Zambia"	894	8118.12	9262.8	10475.69	11736.796	13129.302	14471.746	15792.284	16998.921	18277.144	19383.542	20383.987	21087.636	21785.639	22342.132	22622.983	23018.149	23177.107	23280.895
"Zimbabwe"	716	7915.194	8551.257	9123.913	9675.461	10180.036	10692.136	11110.57	11440.826	11747.935	11854.822	11998.323	12068.254	11973.023	11807.916	11689.333	11399.985	11138.826	10781.334
"Angola"	24	12605.782	14345.471	16295.188	18303.81	20336.926	22159.951	23836.999	25522.63	27268.049	28703.23	30145.938	30889.912	31860.53	32296.967	32800.353	32854.795	32735.047	33249.023
"Cameroon"	120	11671.895	12935.756	14162.628	15366.027	16478.061	17561.628	18481.255	19304.495	19965.501	20383.819	20718.1	20801.03	20791.565	20584.834	20207.425	19820.664	19260.549	18613.51
"Central African Republic"	140	2484.856	2657.674	2813.002	2947.769	3043.448	3136.542	3181.449	3199.03	3185.831	3157.128	3090.093	2992.346	2894.196	2791.269	2624.051	2479.845	2328.575	2166.903
"Chad"	148	7009.901	7994.519	9011.263	10015.374	11042.232	11954.298	12717.417	13447.273	14186.818	14725.623	15207.192	15455.694	15715.616	15883.606	15682.81	15485.137	15167.46	14967.566
"Congo"	178	2309.21	2580.586	2871.275	3179.458	3501.339	3835.157	4172.026	4473.54	4762.504	5033.298	5274.892	5481.22	5658.578	5812.027	5890.263	5965.951	5960.95	5987.362
"Democratic Republic of the Congo"	180	38733.679	44111.141	49957.28	56157.272	62634.339	68753.752	74855.5	80988.777	86639.716	92166.703	97043.728	101995.136	106429.894	109549.259	111824.968	114318.95	115078.053	114910.709
"Equatorial Guinea"	226	411.954	410.524	424.084	448.921	471.093	496.806	526.866	547.162	572.596	589.726	611.35	619.309	628.835	625.925	622.66	610.204	602.504	583.116
"Gabon"	266	852.86	931.001	1006.163	1078.676	1146.113	1212.221	1269.028	1319.386	1362.192	1386.473	1399.114	1407.393	1399.73	1375.837	1350.069	1318.229	1276.214	1232.554
"Sao Tome and Principe"	678	95.585	100.284	105.645	110.456	115.948	120.84	127.615	131.354	135.99	137.091	140.579	139.791	140.319	138.121	138.172	136.526	135.117	131.702
"Algeria"	12	19708.915	21011.503	22047.125	22800.006	23436.202	23995.962	24435.328	24809.771	24872.34	24673.368	24244.982	23667.165	22931.992	22358.589	21569.881	20811.845	20058.976	19274.747
"Egypt"	818	45267.664	49039.521	52397.661	55270.002	58224.562	61130.563	63653.176	65691.447	67421.256	68377.862	69000.7	69345.481	69515.573	69011.447	67829.717	66785.148	64885.153	63224.998
"Libya"	434	3121.693	3108.693	3062.89	2993.188	2901.985	2822.852	2726.619	2602.315	2463.897	2330.602	2147.684	2004.664	1880.451	1753.885	1658.328	1544.564	1430.571	1317.964
"Morocco"	504	17388.247	18053.729	18676.702	19097.286	19374.475	19465.548	19490.498	19297.114	19051.678	18571.26	17918.608	17141.086	16390.554	15536.787	14728.417	13833.409	12817.942	11989.092
"Sudan"	729	20037.863	21693.971	23627.537	25554.47	27433.347	29263.804	31164.163	32773.287	34315.05	35252.537	36064.688	36935.631	37674.024	37620.742	38011.378	38021.643	37145.476	36562.429
"Tunisia"	788	5692.469	5834.296	5919.982	5939.497	5897.08	5788.239	5659.533	5499.119	5337.401	5105.455	4785.354	4424.975	4160.189	3938.139	3702.356	3468.327	3222.647	3012.48
"Western Sahara"	732	272.5	230.418	225.976	226.129	225.542	227.658	223.392	218.682	213.102	207.025	196.434	188.899	178.298	172.013	162.63	152.319	141.058	134.703
"Botswana"	72	1132.076	1210.154	1272.693	1319.554	1357.828	1386.259	1404.827	1414.931	1412.615	1399.095	1385.137	1341.527	1289.785	1242.367	1176.118	1118.38	1058.35	991.601
"Lesotho"	426	1078.247	1113.489	1144.277	1171.734	1195.566	1217.288	1239.57	1259.604	1263.671	1268.119	1255.488	1240.831	1211.399	1180.786	1146.927	1108.498	1066.892	1018.169
"Namibia"	516	1262.042	1357.024	1452.055	1520.899	1586.465	1648.344	1691.826	1721.888	1737.637	1764.436	1756.259	1734.078	1679.84	1634.697	1578.569	1512.358	1451.97	1403.553
"South Africa"	710	27693.15	28559.321	29342.847	29941.965	30315.588	30609.573	30611.906	30462.763	30053.332	29460.865	28875.955	28015.003	27036.839	25825.671	24779.768	23524.015	22423.718	21141.466
"Swaziland"	748	650.528	680.417	706.509	726.861	744.73	760.007	769.946	777.727	781.125	782.334	772.881	764.63	750.469	725.186	703.453	677.863	650.157	625.196
"Benin"	204	5453.88	6090.927	6755.075	7402.581	8052.924	8692.499	9264.93	9796.03	10267.67	10683.167	10977.538	11144.144	11296.178	11353.437	11352.929	11230.904	11146.539	11011.858
"Burkina Faso"	854	9121.395	10330.073	11566.28	12822.188	14062.328	15270.542	16401.884	17449.712	18442.535	19246.024	19945.761	20553.19	20933.979	21249.609	21383.784	21476.817	21316.815	20896.16
"Cabo Verde"	132	263.675	260.531	259.204	252.281	244.621	240.715	236.659	224.727	214.819	205.328	199.638	186.861	174.431	155.096	137.762	127.894	114.004	100.64
"Cote d'Ivoire"	384	11155.402	12352.665	13575.94	14738.901	15942.129	17064.882	18066.309	18981.783	19801.927	20637.15	21187.459	21557.15	21770.63	21971.935	21832.623	21692.977	21078.293	20597.135
"Gambia"	270	1005.393	1135.065	1288.297	1460.686	1627.654	1810.083	1966.214	2128.977	2247.773	2375.765	2456.678	2546.966	2612.113	2666.549	2693.261	2690.935	2677.405	2633.526
"Ghana"	288	13774.487	14896.6	16062.663	17160.864	18281.957	19340.997	20392.455	21169.567	21887.443	22505.448	22861.427	23111.74	23292.533	23363.342	23371.954	23138.588	22651.764	21994.632
"Guinea"	324	6286.353	6659.67	7174.191	7671.491	8219.744	8693.112	9223.548	9625.78	10173.023	10641.976	11113.54	11368.241	11530.651	11624.022	11652.388	11756.399	11355.309	11189.201
"Guinea-Bissau"	624	928.825	1017.577	1103.216	1183.515	1260.87	1334.336	1400.532	1452.765	1493.096	1531.68	1561.846	1575.358	1560.202	1536.662	1513.767	1467.515	1437.697	1387.739
"Liberia"	430	2233.643	2227.829	2295.759	2425.803	2574.886	2804.313	2985.742	3191.214	3308.731	3471.913	3568.102	3679.761	3784.303	3883.133	3872.845	4017.619	3897.165	3808.705
"Mali"	466	8715.004	9843.336	11044.921	12289.578	13543.389	14745.519	15834.571	16892.579	17876.786	18685.479	19220.224	19775.209	20100.338	20414.261	20354.264	20112.633	19592.22	19220.464
"Mauritania"	478	2020.783	2240.483	2461.237	2678.284	2893.596	3116.821	3314.616	3504.372	3649.798	3789.02	3918.535	3989.978	4039.98	4071.741	4070.639	4040.207	3978.365	3907.434
"Niger"	562	9869.965	11923.397	14293.119	16944.798	19806.09	22894.148	26069.979	29268.716	32540.443	36014.148	39400.155	42329.549	44889.152	47333.723	49688.765	51586.411	52560.976	53817.156
"Nigeria"	566	89413.012	100159.06	111244.056	122446.207	133617.698	144085.126	154032.072	163260.261	170873.626	178364.297	182653.545	186534.804	189888.961	191136.284	191010.647	189410.923	185477.095	181160.909
"Senegal"	686	7700.593	8729.686	9796.906	10895.385	12063.645	13266.178	14423.676	15587.597	16697.244	17679.774	18656.897	19625.23	20498.804	21182.402	21793.783	22229.396	22546.648	22792.248
"Sierra Leone"	694	3259.945	3379.355	3548.968	3760.14	3945.812	4131.876	4286.265	4448.531	4504.536	4613.229	4674.788	4667.51	4762.929	4634.257	4620.191	4532.457	4435.384	4245.699
"Togo"	768	3695.483	3960.962	4260.393	4567.596	4914.771	5252.775	5512.919	5754.34	6000.269	6191.798	6378.207	6465.865	6575.689	6563.145	6497.834	6474.699	6369.999	6189.825
"ASIA"	935	2146310.075	2237975.383	2316493.024	2380298.983	2431404.145	2469952.469	2493942.143	2502191.89	2495793.328	2474752.659	2447692.813	2406846.856	2361317.9	2315366.461	2265173.232	2216182.101	2162593.788	2114731.181
"China"	156	667071.827	675392.497	676213.53	670252.573	658778.818	643281.972	622924.142	599467.748	571892.598	542493.747	513409.023	484806.643	457087.598	430981.282	408282.326	387670.405	367030.47	346737.373
"China, Hong Kong SAR"	344	3866.342	3742.394	3602.971	3422.676	3262.632	3084.478	2910.129	2691.089	2457.888	2228.245	1975.62	1730.435	1515.676	1296.127	1146.027	977.838	825.67	738.636
"China, Macao SAR"	446	304.595	288.145	273.113	256.591	238.819	222.46	204.02	185.464	165.792	145.71	125.544	108.02	87.594	72.264	61.058	48.019	40.638	37.279
"Dem. People's Republic of Korea"	408	12855.551	13043.513	13187.886	13296.545	13278.989	13221.911	13081.057	12859.355	12564.111	12240.479	11904.621	11568.532	11229.342	10856.204	10472.254	10111.277	9733.826	9381.72
"Japan"	392	65014.903	63727.73	62162.186	60214.255	58217.877	55925.101	53643.081	51467.904	49330.193	47300.98	44929.195	42567.56	40552.703	38597.128	36931.775	35444.998	34040.237	32884.871
"Mongolia"	496	1494.375	1570.465	1632.065	1666.176	1702.109	1724.642	1749.802	1760.756	1769.528	1755.917	1737.142	1719.115	1674.137	1622.263	1553.603	1518.332	1466.235	1429.269
"Republic of Korea"	410	25298.411	25312.366	25252.61	25155.561	24890.961	24283.476	23561.783	22573.206	21439	20313.844	19134.26	18008.721	16874.093	15721.907	14561.635	13575.031	12707.47	11861.541
"Other non-specified areas"	158	11681.169	11492.461	11295.652	11044.066	10682.668	10206.104	9681.345	8987.127	8337.571	7661.364	7015.83	6380.379	5740.569	5079.035	4496.884	4043.765	3617.458	3217.588
"Kazakhstan"	398	9113.167	9248.282	9212.254	9054.479	8820.049	8639.263	8359.509	8009.914	7713.218	7451.745	7047.103	6769.468	6409.389	5997.995	5512.367	5259.096	4918.798	4677.829
"Kyrgyzstan"	417	2999.785	3119.369	3220.1	3285.36	3351.677	3358.492	3380.173	3376.669	3364.987	3275.345	3181.894	3121.472	3022.106	2925.046	2819.925	2762.723	2628.406	2523.267
"Tajikistan"	762	4186.014	4553.035	4874.995	5149.131	5416.432	5700.115	5946.176	6135.329	6262.57	6371.345	6390.398	6384.864	6400.415	6328.571	6235.781	6164.742	6062.335	5927.466
"Turkmenistan"	795	2732.796	2841.575	2941.025	3016.227	3059.863	3080.814	3084.462	3065.71	3017.809	2947.9	2873.706	2759.206	2652.922	2552.376	2440.751	2311.526	2175.275	2054.168
"Uzbekistan"	860	15194.04	15791.085	16211.079	16332.289	16404.149	16367.192	16285.377	15960.428	15593.935	14977.915	14362.07	13557.544	12704.091	11849.664	11003.69	10046.931	9255.429	8493.749
"Afghanistan"	4	15752.858	15554.664	15527.056	15669.901	16036.647	16014.36	16338.493	16702.737	16547.389	16501.884	15988.479	15688.081	14881.851	14365.087	13628.135	12709.115	11232.701	10042.783
"Bangladesh"	50	79718.677	82658.527	85531.534	87915.577	89240.156	90221.182	90003.013	89322.845	88164.867	86397.8	83829.493	81157.338	78100.44	74256.655	70342.126	66179.361	62215.674	57813.638
"Bhutan"	64	358.546	351.296	349.134	343.987	337.037	325.595	314.988	300.81	292.577	286.494	270.464	253.039	238.443	217.734	196.457	182.323	166.214	146.098
"India"	356	631502.119	662546.633	690959.961	715257.222	733656.832	750107.3	760668.592	763218.413	761131.815	756680.064	746134.719	730359.422	711453.224	689396.342	666014.98	637475.147	608549.436	578756.281
"Iran (Islamic Republic of)"	364	39274.07	40248.187	41118.65	41301.921	41373.836	41379.98	40961.091	40253.312	39133.189	37607.666	35824.871	33522.731	30877.313	28827.178	26641.14	24708.415	23224.665	21572.242
"Maldives"	462	181.29	191.163	198.997	204.251	207.683	209.434	209.875	208.098	204.303	198.841	191.383	182.175	172.28	162.13	151.149	142.012	129.6	120.277
"Nepal"	524	14697.228	15193.147	15622.512	15917.458	16070.901	15992.361	15829.869	15571.34	15156.294	14561.434	13769.028	13053.894	12111.609	10905.847	9901.327	8788.353	7654.765	6865.347
"Pakistan"	586	91872.571	99579.353	106756.69	113292.026	119008.857	124495.597	128625.049	131860.206	133868.19	134528.785	134555.309	134036.435	132145.03	129224.953	125025.829	120859.14	116813.838	111639.035
"Sri Lanka"	144	10735.746	10868.854	10897.713	10854.298	10702.106	10512.974	10221.785	9890.876	9462.832	8993.942	8471.282	7955.298	7428.751	6864.839	6384.155	5844.819	5334.545	4868.29
"Brunei Darussalam"	96	205.161	212.765	217.404	219.644	219.185	216.718	213.203	205.926	197.445	185.292	172.769	160.333	147.526	134.78	124.029	113.784	103.204	94.928
"Cambodia"	116	7979.745	8444.94	8856.729	9252.08	9608.768	9942.11	10219.292	10413.523	10538.009	10649.075	10602.275	10502.713	10359.117	10141.987	9810.058	9494.783	9191.588	8879.088
"Indonesia"	360	127875.936	133744.389	138632.584	142517.906	145710.927	147989.209	148999.93	149353.039	148259.124	146081.222	143719.941	140508.96	137168.987	132889.087	128427.114	124450.104	120095.918	115372.211
"Lao People's Democratic Republic"	418	3416.695	3583.051	3757.601	3888.974	4007.35	4113.31	4169.647	4237.769	4247.378	4218.022	4132.602	4069.939	3913.84	3763.641	3566.326	3376.356	3158.203	2959.244
"Malaysia"	458	15305.331	16214.16	17062.121	17730.291	18227.705	18523.687	18750.626	18769.947	18665.571	18517.819	18213.309	17817.853	17249.187	16587.873	15878.566	15202.272	14495.502	13761.417
"Myanmar"	104	27562.17	28286.841	28802.825	29150.033	29285.206	29132.589	28648.873	27966.406	27085.267	26113.179	25157.537	24056.103	22947.545	21661.535	20540.175	19253.612	17888.897	16523.283
"Philippines"	608	49886.839	53023.961	55902.02	58328.83	60657.969	62472.618	63752.124	64962.992	65497.328	65660.657	65248.971	64605.112	63295.442	61992.348	60164.778	57804.078	55672.877	53440.142
"Singapore"	702	2838.705	2990.092	3090.323	3140.817	3139.899	3094.729	3005.833	2863.873	2688.6	2543.291	2319.515	2126.059	1938.389	1762.419	1574.374	1393.186	1256.753	1103.756
"Thailand"	764	34464.57	34604.617	34431.002	33915.229	32989.369	31820.04	30404.129	28709.289	26907.043	24968.503	23198.893	21400.54	19512.173	17741.868	15950.76	14469.41	13043.833	11655.049
"Timor-Leste"	626	583.192	606.823	639.636	670.1	707.232	766.324	812.897	848.899	911.036	937.398	965.282	990.233	998.137	979.545	976.106	981.226	968.37	958.966
"Viet Nam"	704	47223.132	49044.589	50690.853	51839.7	52540.528	52976.11	53092.844	53011.337	52379.845	51349.856	50113.091	48373.502	46776.537	44944.825	43055.088	41548.713	40096.643	38605.113
"Armenia"	51	1618.201	1583.756	1529.365	1455.495	1375.291	1294.199	1216.109	1132.858	1044.469	957.765	868.122	770.129	676.63	591.525	520.368	450.514	407.008	375.439
"Azerbaijan"	31	4898.422	5095.523	5201.621	5234.809	5237.298	5206.621	5145.31	5033.666	4917.383	4757.986	4541.152	4357.382	4152.116	3981.471	3787.111	3627.197	3494.054	3366.952
"Bahrain"	48	523.63	486.671	464.148	454.419	445.787	451.974	455.043	436.866	435.717	426.256	411.164	403.295	388.716	371.438	359.138	350.054	330.254	331.417
"Cyprus"	196	570.808	568.418	557.615	542.83	523.109	502.843	472.174	444.246	412.854	379.959	343.816	306.453	271.141	243.359	208.327	175.668	144.904	126.553
"Georgia"	268	2091.661	1930.59	1766.844	1589.26	1411.027	1242.615	1091.924	945.203	804.236	684.178	569.324	459.428	382.037	312.362	265.848	221.02	181.122	144.652
"Iraq"	368	17986.418	20243.1	22494.716	24980.86	27693.376	30386.248	33129.834	35581.583	38187.219	40453.781	42506.454	44067.23	45530.865	46780.373	47874.843	48784.233	49561.363	49792.413
"Israel"	376	4065.413	4168.929	4269.068	4347.633	4439.78	4504.026	4531.422	4523.369	4551.572	4570.954	4542.689	4422.784	4352.669	4293.225	4223.893	4168.413	4136.089	4038.844
"Jordan"	400	3705.533	3700.83	3769.427	3748.818	3854.303	4009.835	4127.725	4097.237	4126.527	4131.588	4105.64	4069.241	3986.857	3849.994	3625.397	3566.616	3276.817	3079.275
"Kuwait"	414	1705.679	1608.915	1576.074	1587.967	1633.84	1701.4	1758.848	1801.485	1822.729	1845.887	1892.573	1855.458	1885.609	1868.919	1907.068	1907.528	1915.106	1954.596
"Lebanon"	422	2912.214	2966.75	2960.138	2851.563	2718.774	2616.999	2525.216	2473.135	2390.046	2289.098	2171.233	2051.144	1908.89	1704.021	1500.05	1276.201	1126.875	973.017
"Oman"	512	1511.914	1822.316	2001.491	2112.342	2127.303	2180.232	2244.868	2323.463	2432.635	2425.811	2436.548	2416.809	2391.312	2432.616	2388.907	2400.415	2383.192	2307.418
"Qatar"	634	611.636	560.214	582.997	647.001	713.023	808.978	892.84	985.414	1091.599	1207.795	1278.3	1388.636	1493.684	1540.665	1561.944	1660.564	1709.141	1718.904
"Saudi Arabia"	682	13704.462	14538.723	15142.615	15333.554	15358.314	15284.739	15238.48	14787.164	14352.997	13760.958	13050.915	12718.431	12001.003	11288.425	10654.476	10192.621	9577.061	9136.37
"State of Palestine"	275	2301.716	2386.748	2493.221	2589.506	2707.045	2850.536	3031.322	3164.614	3281.303	3298.203	3376.819	3386.649	3355.311	3306.288	3307.184	3296.783	3189.941	3162.037
"Syrian Arab Republic"	760	9135.904	8303.069	8185.063	8612.506	9001.068	9235.633	9262.584	9173.343	8939.045	8788.25	8826.134	8658.213	8351.342	8067.771	7605.171	7049.566	6541.885	6126.282
"Turkey"	792	39991.268	42105.211	43794.003	45269.681	46267.127	46962.042	47444.269	47281.179	46872.105	46190.807	45473.935	44203.585	43053.994	41401.736	39905.886	38107.057	35877.032	33504.426
"United Arab Emirates"	784	2448.707	2113.671	2175.637	2393.706	2722.993	3086.828	3570.124	3866.296	4369.426	4588.682	4887.132	5177.19	5499.22	5731.227	6090.255	6189.896	6348.633	6411.185
"Yemen"	887	13278.933	14512.148	15676.766	16761.796	17664.638	18420.567	19080.614	19480.715	19735.473	19692.685	19422.481	19042.277	18381.44	17752.891	17030.213	16176.601	15196.131	14226.527
"EUROPE"	908	382101.84	379792.383	376050.193	371081.166	365299.485	358851.534	351483.133	343686.453	335706.757	327040.12	318320.729	310154.494	303082.777	297351.449	293036.461	288530.26	285328.191	281793.777
"Belarus"	112	5082.297	4986.822	4870.582	4720.912	4553.009	4393.164	4240.608	4097.199	3934.79	3778.908	3623.344	3485.973	3342.517	3229.942	3129.264	3026.092	2936.415	2858.713
"Bulgaria"	100	3676.381	3489.206	3294.514	3093.834	2887.553	2698.382	2517.533	2352.16	2194.964	2031.091	1871.845	1737.961	1619.843	1517.04	1443.445	1373.249	1316.421	1239.588
"Czech Republic"	203	5363.119	5278.084	5164.12	5018.028	4847.068	4676.987	4488.43	4326.513	4176.626	3993.04	3795.258	3631.144	3435.358	3272.752	3140.684	3020.648	2908.856	2823.39
"Hungary"	348	5164.158	4983.7	4802.936	4605.438	4392.616	4174.006	3971.365	3780.332	3597.42	3393.003	3195.925	2981.867	2805.187	2650.432	2499.827	2381.286	2270.754	2139.073
"Poland"	616	19938.107	19610.133	19094.75	18431.28	17656.855	16778.933	15834.942	14889.881	13968.858	13023.269	12085.513	11118.714	10130.136	9230.386	8356.597	7591.574	6905.207	6342.616
"Republic of Moldova"	498	2113.038	2053.108	1974.239	1872.46	1765.075	1649.799	1517.639	1389.52	1260.707	1135.664	1009.919	888.978	769.968	656.954	569.074	491.712	421.202	368.953
"Romania"	642	10060.347	9544.558	8990.971	8410.394	7797.77	7164.248	6564.582	5942.691	5347.496	4757.812	4175.387	3643.013	3179.224	2807.203	2503.584	2211.925	1911.528	1658.207
"Russian Federation"	643	76812.871	75674.525	74079.335	71931.05	69360.456	66778.042	64515.3	62138.026	59871.964	57447.252	54846.18	52340.502	50585.468	48861.926	47204.408	45547.863	44349.411	43097.77
"Slovakia"	703	2796.123	2765.13	2719.559	2648.828	2559.587	2453.779	2346.788	2233.04	2118.375	1993.492	1872.717	1741.44	1619.078	1511.538	1419.729	1342.096	1270.872	1196.906
"Ukraine"	804	24064.369	23228.021	22334.793	21373.684	20361.695	19424.469	18455.22	17610.19	16650.505	15743.252	14904.252	13997.285	13287.064	12675.033	12148.986	11640.308	11242.397	10749.79
"Channel Islands"	830	82.567	82.907	82.894	82.08	80.744	78.817	76.259	73.801	70.717	67.282	63.351	60.122	56.789	53.74	51.284	47.613	44.913	42.518
"Denmark"	208	2855.152	2882.056	2906.739	2923.065	2916.794	2894.372	2864.304	2827.069	2798.541	2756.699	2724.168	2680.577	2639.151	2594.788	2552.423	2504.202	2439.008	2379.678
"Estonia"	233	698.24	658.463	622.945	587.443	553.675	520.184	488.517	460.106	440.927	416.468	389.29	366.903	346.936	337.635	321.711	309.912	299.793	287.196
"Finland"	246	2794.418	2798.249	2786.839	2756.951	2706.326	2654.817	2579.26	2506.167	2442.093	2376.08	2314.052	2262.387	2192.451	2108.532	2041.918	1964.209	1890.623	1826.053
"Iceland"	352	164.405	166.729	168.546	168.865	168.612	167.389	164.855	161.516	156.848	151.012	145.979	140.474	134.181	130.114	123.047	117.506	110.545	104.678
"Ireland"	372	2348.368	2290.891	2209.933	2119.546	2011.334	1928.129	1848.488	1758.477	1669.355	1556.008	1442.902	1344.142	1256.69	1161.91	1113.673	1071.476	993.888	948.238
"Latvia"	428	1066.513	977.415	887.065	805.576	721.365	640.483	573.303	501.122	442.855	391.566	339.716	294.511	254.863	219.559	195.045	174.696	166.461	158.82
"Lithuania"	440	1553.165	1416.288	1285.113	1150.354	1017.075	894.435	781.969	674.326	582.833	489.741	417.215	354.271	307.822	261.648	227.705	198.328	183.528	166.3
"Norway"	578	2586.163	2714.123	2838.055	2948.203	3046.281	3122.352	3171.838	3212.441	3252.828	3269.641	3268.098	3253.275	3250.414	3219.187	3209.264	3138.472	3091.064	3027.893
"Sweden"	752	4892.609	4997.833	5092.162	5158.128	5194.723	5198.98	5204.283	5222.026	5217.848	5231.941	5185.151	5159.423	5178.823	5143.959	5150.836	5115.654	5074.525	5016.92
"United Kingdom"	826	32817.216	33340.327	33727.622	33881.691	33894.475	33779.28	33551.637	33202.31	32846.274	32331.836	31696.892	31123.162	30607.593	30164.043	29602.835	29085.118	28568.613	27802.962
"Albania"	8	1459.859	1399.411	1344.462	1281.759	1212.087	1134.774	1050.766	974.593	905.429	830.118	759.109	678.455	619.586	560.203	484.883	424.115	386.078	356.64
"Bosnia and Herzegovina"	70	1913.965	1758.717	1624.383	1483.329	1345.595	1208.015	1075.951	943.932	816.268	698.549	581.616	494.27	408.303	333.528	263.179	198.057	151.649	113.432
"Croatia"	191	2195.067	2102.4	2002.425	1898.773	1799.868	1697.147	1585.076	1475.966	1378.516	1286.398	1187.102	1093.428	1005.501	922.622	844.083	777.556	711.311	660.39
"Greece"	300	5609.448	5363.663	5094.458	4799.487	4517.006	4205.404	3885.25	3583.355	3287.637	2969.265	2636.059	2349.365	2080.982	1862.759	1637.644	1451.653	1306.723	1180.257
"Italy"	380	30727.975	30156.466	29441.028	28643.353	27779.418	26945.406	25942.938	24868.67	23629.995	22373.979	21124.389	19916.408	18852.876	17797.27	16826.478	16173.814	15342.952	14575.843
"Malta"	470	210.174	207.567	204.115	198.752	191.309	182.33	172.738	163.61	154.356	143.539	133.792	124.326	115.273	106.147	97.916	89.301	81.767	74.697
"Montenegro"	499	316.57	301.169	287.493	273.634	258.196	241.291	224.98	208.715	191.475	175.377	158.96	143.748	129.201	116.115	104.631	93.101	83.747	76.522
"Portugal"	620	5449.264	5278.782	4991.379	4688.823	4405.64	4120.734	3825.944	3508.805	3148.721	2804.904	2493.422	2210.591	1914.783	1695.69	1475.057	1283.981	1131.072	956.015
"Serbia"	688	4531.328	4309.239	4114.896	3919.881	3739.231	3528.983	3315.722	3131.151	2937.531	2741.233	2557.761	2374.791	2188.517	2034.67	1886.929	1770.38	1636.058	1516
"Slovenia"	705	1042.698	1024.07	997.832	967.561	932.194	896.274	860.541	819.061	778.056	740.527	703.85	660.143	618.742	587.967	564.847	533.749	516.304	495.903
"Spain"	724	23498.098	22540.635	21530.321	20504.191	19289.488	18190.941	17048.86	15844.027	14379.913	12975.468	11789.439	10366.79	8823.575	7813.279	7118.957	6561.279	5991.211	5329.463
"TFYR Macedonia"	807	1043.803	1008.821	973.77	930.234	881.924	829.054	774.538	721.394	667.165	611.095	554.95	497.823	445.313	397.661	359.692	326.615	291.383	258.985
"Austria"	40	4348.265	4336.813	4326.847	4296.414	4254.091	4177.833	4082.967	3997.715	3881.537	3739.856	3623.056	3479.039	3336.121	3231.156	3148.239	3031.271	2940.272	2868.272
"Belgium"	56	5740.091	5806.57	5872.278	5914.244	5932.707	5932.498	5910.448	5863.626	5786.691	5707.777	5606.145	5489.594	5401.284	5303.932	5247.846	5136.427	5050.043	5000.259
"France"	250	33053.692	33239.66	33370.947	33481.005	33564.987	33398.166	33244.075	32725.282	32232.258	31560.821	30960.611	30680.97	30449.102	30026.424	29468.085	28874.269	28573.559	28067.957
"Germany"	276	41035.821	40162.34	39136.092	37967.737	36715.029	35408.105	33866.779	32243	30562.948	28904.82	27319.185	25821.042	24221.284	22958.896	21950.456	20731.948	19908.172	19377.409
"Luxembourg"	442	282.495	302.224	318.206	329.803	340.661	347.199	352.28	350.01	348.079	343.071	333.233	320.889	304.914	290.765	268.999	254.198	237.403	222.781
"Netherlands"	528	8524.303	8572.585	8605.383	8600.891	8571.337	8482.858	8364.707	8211.519	8070.025	7912.414	7743.441	7623.921	7532.082	7397.001	7297.602	7181.6	7098.629	6963.828
"Switzerland"	756	4189.298	4241.189	4261.294	4235.148	4176.01	4116.883	4023.286	3846.967	3706.096	3561.201	3413.507	3271.072	3111.101	2988.003	2811.075	2675.177	2538.916	2448.776
"LATIN AMERICA AND THE CARIBBEAN"	904	320707.421	335052.904	347361.974	357249.272	364872.293	369918.497	372678.816	373180.964	371209.111	367904.748	362564.255	355126.246	347257.662	338248.886	327202.947	315918.808	303898.853	292599.734
"Antigua and Barbuda"	28	47.929	46.865	46.051	44.799	43.735	41.619	39.378	37.488	35.002	32.616	30.461	28.235	26.036	24.695	22.468	20.762	18.672	17.211
"Aruba"	533	54.514	47.491	42.526	38.354	34.738	31.551	27.813	24.534	20.823	17.83	15.709	14.34	12.525	10.856	9.783	8.985	7.828	7.126
"Bahamas"	44	198.062	199.227	197.253	191.214	183.751	174.905	163.961	154.266	144.399	134.33	123.268	114.36	103.752	94.003	81.599	70.966	63.4	60.115
"Barbados"	52	148.039	146.089	143.257	139.926	135.7	129.645	122.774	116.478	109.195	102.635	98.372	92.123	86.316	80.565	74.784	69.025	65.301	60.856
"Cuba"	192	5667.62	5576.429	5437.272	5261.884	5049.101	4806.08	4526.165	4217.279	3879.649	3538.695	3193.006	2869.755	2576.96	2321.044	2080.618	1849.662	1630.786	1441.288
"Curacao"	531	84.69	81.236	77.296	73.161	67.832	62.746	58.51	53.398	48.93	45.112	40.773	37.791	34.344	31.444	28.757	26.803	24.894	22.676
"Dominican Republic"	214	5282.291	5516.634	5702.031	5848.8	5951.448	5984.611	5983.597	5929.675	5828.685	5691.159	5518.145	5291.015	5060.123	4792.684	4530.619	4254.658	3970.094	3675.697
"Grenada"	308	53.241	50.389	47.495	44.197	41.111	38.738	37.072	34.949	32.161	30.098	27.859	24.968	22.253	20.044	18.152	15.354	13.555	12.332
"Guadeloupe"	312	251.8	255.479	255.325	247.621	236.561	222.742	207.797	190.322	170.664	150.36	128.753	108.288	86.358	69.083	55.159	41.819	31.598	24.218
"Haiti"	332	5413.645	5686.817	5914.954	6094.987	6243.483	6340.059	6394.369	6401.439	6358.931	6258.805	6097.173	5914.903	5707.6	5487.82	5217.725	4956.083	4692.139	4413.903
"Jamaica"	388	1402.296	1384.116	1349.972	1301.547	1233.734	1153.257	1084.705	1000.144	922.155	833.754	740.228	650.446	563.492	494.677	434.269	370.168	309.189	253.343
"Martinique"	474	214.847	210.314	205.677	199.41	191.645	182.591	172.324	161.065	150.582	138.467	128.372	118.661	110.669	103.746	97.282	89.936	84.028	78.231
"Puerto Rico"	630	1912.66	1867.575	1812.764	1756.208	1679.36	1599.635	1520.212	1430.532	1342.617	1244.677	1144.251	1049.589	958.074	866.154	786.4	703.912	636.941	576.331
"Saint Lucia"	662	94.24	95.166	94.759	93.044	91.034	87.582	84.029	79.533	74.515	68.909	63.915	58.753	53.185	48.478	42.92	39.363	34.279	30.777
"Saint Vincent and the Grenadines"	670	54.23	52.844	50.908	48.339	45.287	42.149	38.589	34.819	31.075	26.486	22.313	18.378	14.717	11.526	8.484	5.947	4.19	2.654
"Trinidad and Tobago"	780	689.003	677.894	652.279	622.353	587.411	548.128	513.904	474.78	430.874	390.448	346.621	306.087	269.08	236.213	206.415	179.19	152.357	134.063
"United States Virgin Islands"	850	55.657	48.891	45.277	41.979	39.413	36.518	34.31	31.856	29.55	27.161	25.046	23.229	21.403	20.443	19.795	18.246	17.282	15.948
"Belize"	84	180.183	189.434	196.421	202.803	206.09	205.041	200.786	196.903	190.206	181.817	172.082	161.89	150.684	139.407	134.417	125.542	116.702	106.432
"Costa Rica"	188	2402.305	2496.704	2572.382	2627.658	2657.759	2659.814	2641.348	2612.834	2556.57	2497.913	2422.448	2333.801	2237.852	2134.561	2033.094	1921.349	1821.277	1724.777
"El Salvador"	222	3251.342	3265.816	3248.294	3202.349	3120.722	3013.062	2883.817	2740.905	2563.945	2398.09	2214.858	2012.547	1811.684	1592.772	1391.258	1180.415	1008.011	853.561
"Guatemala"	320	8349.629	9036.831	9673.659	10233.95	10713.15	11150.901	11534.894	11771.171	11885.515	11943.635	11935.494	11788.609	11653.816	11373.796	10991.501	10571.159	10067.97	9547.794
"Honduras"	340	4039.098	4230.444	4394.083	4519.16	4602.99	4657.689	4662.298	4614.189	4552.567	4412.019	4286.272	4106.229	3899.124	3661.431	3419.037	3136.36	2875.509	2637.872
"Mexico"	484	63835.777	66656.474	68870.704	70527.412	71504.832	71789.083	71595.928	70509.953	69218.974	67436.351	65008.771	61962.454	58892.757	55237.442	51604.737	48147.127	44227.057	40445.469
"Nicaragua"	558	3084.059	3195.346	3268.887	3322.376	3331.244	3316.926	3260.193	3170.433	3053.301	2923.943	2761.554	2574.564	2373.618	2171.164	1967.431	1739.369	1558.708	1343.076
"Panama"	591	1959.401	2089.643	2207.826	2311.727	2406.984	2487.014	2549.146	2598.699	2626.462	2640.78	2636.866	2611.884	2575.048	2537.437	2486.294	2421.981	2356.992	2282.288
"Argentina"	32	22172.053	22964.03	23717.735	24282.063	24834.023	25212.883	25495.703	25699.578	25676.916	25547.916	25413.339	25186.394	24704.828	24278.576	23832.402	23309.683	22681.029	21791.597
"Bolivia (Plurinational State of)"	68	5353.99	5700.108	6027.125	6309.459	6549.166	6750.565	6928.132	7020.437	7023.71	7039.502	7018.881	6937.16	6806.938	6626.478	6381.31	6117.567	5792.215	5501.986
"Brazil"	76	105646.79	108913.183	111449.272	113049.395	113595.459	113287.424	112511.081	110457.385	107632.757	103813.886	99804.331	95678.669	91047.666	86108.416	81143.508	75813.116	71477.4	67207.67
"Chile"	152	9093.072	9449.792	9727.522	9938.111	10103.303	10183.477	10191.474	10137.796	9998.536	9836.821	9652.034	9408.502	9137.425	8844.517	8542.587	8194.093	7838.896	7493.155
"Colombia"	170	24485.169	25298.285	25849.432	26161.048	26223.153	26083.834	25735.199	25177.074	24466.121	23654.517	22606.378	21545.645	20402.448	19119.723	17899.772	16625.547	15343.412	14202.05
"Ecuador"	218	8073.299	8573.231	9027.721	9417.028	9754.761	10021.622	10212.054	10322.87	10383.695	10351.25	10276.974	10085.895	9921.437	9727.552	9455.301	9146.375	8847.459	8503.081
"French Guiana"	254	134.37	139.908	142.944	144.948	144.459	143.127	142.546	139.704	139.342	139.934	140.567	143.363	140.649	139.268	136.904	138.892	134.576	125.998
"Guyana"	328	381.586	365.096	345.243	321.387	294.253	266.74	243.905	224.952	207.014	187.321	174.144	160.168	146.377	132.603	115.806	107.111	95.852	85.964
"Paraguay"	600	3269.997	3441.628	3589.926	3716.154	3821.219	3885.4	3928.372	3954.737	3945.336	3915.633	3858.685	3769.469	3673.113	3547.876	3395.831	3229.66	3079.583	2921.643
"Peru"	604	15703.562	16443.96	17088.585	17560.402	17910.859	18093.324	18175.904	18093.164	17948.702	17572.269	17043.797	16570.396	16014.453	15303.103	14576.233	13847.793	12997.346	12085.726
"Suriname"	740	270.937	267.232	261.493	253.849	244.27	232.352	219.684	205.582	191.201	177.865	166.768	159.603	148.662	137.402	123.116	113.862	102.769	93.354
"Uruguay"	858	1775.156	1764.46	1747.675	1721.643	1685.937	1649.726	1612.311	1563.371	1507.925	1447.394	1392.693	1334.355	1263.995	1193.89	1125.171	1050.403	980.156	911.893
"Venezuela (Bolivarian Republic of)"	862	15620.882	16503.239	17324.773	17993.856	18538.941	18962.651	19240.831	19395.879	19407.432	19298.342	19022.178	18733.828	18315.719	17909.083	17380.702	16805.708	16137.327	15492.718
"NORTHERN AMERICA"	905	180393.518	185252.712	189769.366	193164.065	195795.593	197085.953	198413.918	198420.308	198209.763	197850.878	197738.894	197473.062	197689.034	196919.287	196011.631	195922.017	194212.273	195353.798
"Canada"	124	18113.659	18537.896	18867.235	19062.679	19091.675	18976.481	18674.33	18247.703	17857.28	17374.776	16907.995	16480.681	16037.798	15346.081	14752.343	14035.539	13650.685	13257.684
"United States of America"	840	162279.859	166372.952	170272.197	173452.684	175309.721	176411.714	177247.228	177137.815	176702.36	176143.491	176257.931	175644.336	175052.312	175183.493	175611.603	174247.679	174072.317	171965.612
"OCEANIA"	909	19504.414	20507.739	21325.299	21974.743	22468.073	22906.954	23077.801	23169.431	23253.723	23380.041	23260.297	23074.709	23006.471	22682.716	22266.392	21698.903	21233.185	20878.994
"Australia"	36	11993.038	12444.555	12750.613	12900.345	12849.622	12833.068	12526.595	12231.856	11994.828	11591.483	11168.575	10734.999	10294.319	9834.167	9132.502	8643.432	8149.566	7762.3
"New Zealand"	554	2315.403	2323.951	2348.971	2356.728	2372.217	2359.93	2332.652	2298.838	2246.106	2185.717	2137.531	2073.494	2030.073	1972.773	1925.998	1879.1	1805.638	1749.19
"Fiji"	242	438.518	437.013	431.949	425.501	416.754	403.497	390.274	379.815	370.207	351.004	332.508	320.829	303.411	290.269	275.698	257.157	243.986	227.527
"New Caledonia"	540	130.393	133.967	138.675	141.343	145.033	147.458	148.834	149.233	148.411	147.229	146.121	145.589	142.723	139.625	138.734	136.04	134.915	133.635
"Papua New Guinea"	598	3732.533	4066.174	4389.07	4702.674	4998.008	5261.062	5494.82	5703.847	5847.185	5940.831	6023.187	6056.514	6041.077	5995.023	5912.137	5830.211	5727.666	5560.428
"Solomon Islands"	90	287.268	310.289	332.304	354.376	374.412	392.685	408.681	422.584	432.426	438.457	442.205	443.929	443.008	440.48	434.691	421.783	405.923	391.755
"Vanuatu"	548	130.597	140.753	151.124	161.371	171.146	180.803	188.514	196.197	201.724	207.259	210.216	211.654	212.676	211.864	210.639	207.008	202.212	196.024
"Guam"	316	83.732	85.795	87.208	87.731	87.104	86.37	85.726	83.231	81.255	78.218	74.811	72.405	68.441	65.482	62.01	58.25	54.096	50.121
"Kiribati"	296	56.999	60.366	63.455	66.145	68.082	69.927	71.938	73.839	74.798	75.467	74.712	74.35	73.276	72.633	71.906	70.076	67.686	64.531
"Micronesia (Fed. States of)"	583	50.95	49.107	49.496	49.089	48.62	46.799	45.783	44.8	44.467	43.807	42.76	41.311	39.638	37.436	35.182	33.422	30.462	28.618
"French Polynesia"	258	138.468	141.223	144.196	145.17	144.304	143.044	141.73	140.6	137.196	133.68	129.091	124.725	117.812	112.813	107.305	100.446	93.968	87.558
"Samoa"	882	93.584	93.56	92.956	91.294	89.444	86.831	83.147	79.667	76.954	73.567	71.176	67.391	65.006	61.612	57.668	54.809	50.015	45.393
"Tonga"	776	52.931	50.863	48.129	46.043	44.08	42.834	41.988	40.524	39.434	37.929	36.11	34.837	33.696	32.254	30.694	28.832	27.234	25.473
