"name"	"country_code"	"2015"	"2020"	"2025"	"2030"	"2035"	"2040"	"2045"	"2050"	"2055"	"2060"	"2065"	"2070"	"2075"	"2080"	"2085"	"2090"	"2095"	"2100"
"WORLD"	900	3706677.378	3925737.887	4133268.714	4329223.184	4516207.514	4696308.189	4870857.68	5037071.441	5187261.372	5340032.6	5484979.722	5624596.61	5758585.043	5882100.876	6011542.323	6136870.278	6262437.455	6364970.555
"AFRICA"	903	593452.616	674560.638	760417.865	852916.102	952242.77	1057049.569	1166024.953	1281420.497	1399325.282	1524601.525	1653360.605	1778149.529	1908243.063	2042232.79	2171992.024	2306565.217	2445976.117	2587893.526
"Burundi"	108	5524.232	6685.738	7945.908	9319.223	10849.318	12499.158	14513.117	16739.957	18993.825	21351.142	23890.089	26701.316	29822.518	33077.638	36567.515	39635.28	43457.599	47326.21
"Comoros"	174	397.7	458.586	520.19	584.563	651.675	722.439	796.795	874.684	952.217	1027.2	1098.373	1178.682	1254.146	1327.322	1401.713	1485.638	1564.358	1632.488
"Djibouti"	262	445.842	560.525	689.955	782.16	871.88	957.593	1019.949	1087.939	1134.541	1185.173	1280.434	1321.904	1379.764	1384.234	1444.546	1455.269	1518.44	1574.015
"Eritrea"	232	2618.843	3105.583	3607.592	4150.192	4738.554	5361.113	6016.836	6695.184	7341.722	8067.909	8734.932	9414.384	10088.778	10783.195	11307.857	11971.242	12843.586	13442.13
"Ethiopia"	231	49607.611	58276.649	67092.564	76369.783	85961.222	96244.149	106537.475	116847.67	127538.05	138800.889	150329.933	160665.423	172067.777	181406.917	190367.326	201055.007	210274.403	216031.858
"Kenya"	404	23016.937	26323.648	29815.086	33436.612	37294.358	41265.408	45267.558	49413.339	54010.607	58387.908	62449.507	66860.664	70904.405	75156.406	79189.541	82347.96	85560.368	89592.839
"Madagascar"	450	12082.461	14065.846	16299.738	18809.769	21593.865	24644.084	27998.251	31709.429	35882.791	40241.481	44759.506	49811.537	55112.791	60739.712	66441.029	72163.19	78052.808	83797.849
"Malawi"	454	8593.061	10709.778	13068.778	15677.453	18403.414	21340.639	24596.875	28135.895	32151.653	36007.504	40329.957	45279.666	50006.085	54961.421	60255.106	65422.916	71148.06	77254.425
"Mauritius"	480	628.841	645.083	653.845	662.261	666.377	664.203	657.273	650.093	645.725	633.285	630.233	618.802	602.008	594.158	575.985	559.473	551.616	542.477
"Mayotte"	175	117.878	140.966	166.447	193.669	226.68	260.165	295.871	335.764	380.632	422.305	457.764	497.752	535.369	579.703	640.484	685.363	721.23	766.899
"Mozambique"	508	13666.2	16846.205	19919.924	23291.031	27102.61	30791.489	35016.912	39410.127	44516.676	49719.304	55400.009	61988.054	67667.841	74441.556	81232.128	88232.981	96112.207	105268.087
"Reunion"	638	416.768	446.456	472.728	496.907	524.816	550.445	571.741	600.312	623.909	642.235	659.054	680.329	713.523	729.933	743.542	754.74	771.447	790.052
"Rwanda"	646	5559.566	7131.52	8553.412	10023.607	11406.805	12706.104	13986.516	15430.636	17219.748	18158.437	19350.567	20780.716	21619.266	22621.755	23545.057	24057.115	24517.968	24998.35
"Seychelles"	690	48.866	52.217	54.975	57.524	59.603	61.882	63.989	65.67	66.864	68.26	70.538	71.451	72.799	73.374	74.683	75.385	77.622	78.271
"Somalia"	706	5367.937	7391.635	9186.758	11121.915	13495.257	15671.86	18342.563	21254.862	25092.679	28387.644	31775.875	36305.696	40252.42	45065.533	50387.221	55572.585	62462.357	67588.05
"South Sudan"	728	6179.232	7871.896	9606.333	11354.15	13251.19	15182.326	17460.06	20063.729	22517.58	24676.705	27771.967	30591.584	33788.237	36005.954	39251.148	42464.287	45151.847	47856.201
"Uganda"	800	19507.178	23236.719	27397.85	32076.533	37341.607	43043.282	49194.505	55611.228	62579.366	69980.63	77842.114	86871.471	95367.449	105595.038	114937.982	125054.769	136178.459	146538.8
"United Republic of Tanzania"	834	26574.231	31593.664	37339.714	44093.637	51755.735	60370.016	70524.721	81668.171	93890.221	107438.571	122074.121	138066.032	156324.105	174419.207	194334.62	216140.673	237961.456	261101.668
"Zambia"	894	8093.647	9499.307	11079.684	12837.927	14828.516	17033.891	19347.999	21901.476	24826.308	27924.252	31029.086	34672.921	38370.639	42134.98	46163.376	50520.728	55105.149	59769.391
"Zimbabwe"	716	7687.557	8704.872	9694.227	10725.449	11819.109	12920.579	14184.849	15413.175	16426.921	17511.287	18596.069	19711.809	20726.088	21786.317	22806.588	23496.125	24186.211	24914.281
"Angola"	24	12416.192	14914.912	17688.194	20830.957	24450.238	28699.355	33197.692	38137.441	43521.61	49379.267	55711.054	63293.435	70923.851	77721.069	85779.607	94701.03	103933.587	112935.559
"Cameroon"	120	11672.284	13269.736	14942.905	16707.998	18576.495	20502.638	22557.911	24584.552	26643.471	28637.225	30693.965	32661.347	34567.205	36348.428	38193.933	39972.785	41785.339	43391.241
"Central African Republic"	140	2415.418	2689.907	2961.09	3224.086	3476.57	3727.491	3956.633	4181.995	4375.145	4566.833	4755.679	4910.214	5068.982	5177.653	5229.282	5284.831	5357.596	5364.854
"Chad"	148	7027.571	8387.443	9917.329	11643.723	13539.999	15618.51	17886.496	20384.181	23045.421	25981.301	29045.343	31858.507	35254.897	38951.591	42529.427	45940.683	49950.295	54123.808
"Congo"	178	2311.12	2669.679	3055.794	3490.191	3967.491	4509.575	5074.466	5662.184	6303.68	6955.836	7671.422	8414.939	9172.812	9985.163	10831.258	11773.396	12721.934	13496.419
"Democratic Republic of the Congo"	180	38533.135	46035.884	54604.79	64188.229	74638.836	86557.292	99895.225	114514.465	131590.698	149843.827	167988.85	188701.553	210983.002	232720.47	255375.036	281100.911	306439.097	336128.802
"Equatorial Guinea"	226	433.106	573.713	714.014	848.657	959.228	1078.383	1210.301	1326.36	1451.223	1610.995	1759.657	1949.382	2094.733	2246.535	2390.366	2536.653	2662.91	2887.643
"Gabon"	266	872.432	989.355	1108.408	1230.979	1359.18	1487.86	1615.3	1745.029	1879.556	2002.221	2128.177	2248.898	2359.664	2452.772	2564.485	2640.898	2717.43	2774.304
"Sao Tome and Principe"	678	94.759	111.486	129.131	149.117	169.844	191.854	216.754	240.966	264.068	291.077	318.765	344.582	369.39	401.945	420.211	441.807	476.787	510.622
"Algeria"	12	19957.604	21865.332	23556.906	25058.06	26401.208	27833.833	29338.031	30863.764	32174.794	33480.897	34411.694	35458.327	36337.966	37258.023	37866.256	38594.396	39436.444	40098.834
"Egypt"	818	46240.42	51475.831	56589.751	61823.185	67211.1	73081.935	79227.138	85525.552	91928.88	98206.388	104331.764	110939.774	117093.926	123340.538	130034.526	137205.882	142751.334	149699.456
"Libya"	434	3156.745	3296.607	3450.305	3632.383	3794.591	3947.998	4103.578	4271.257	4462.591	4603.535	4727.676	4901.271	5069.029	5237.967	5460.412	5612.922	5691.261	5791.901
"Morocco"	504	16989.264	18302.143	19470.569	20527.662	21464.771	22314.043	23194.911	23904.449	24598.998	24807.449	25046.684	25652.862	25783.29	26012.448	25767.685	25648.958	25520.898	25169.882
"Sudan"	729	20197.019	23427.027	26757.181	30376.269	34216.877	38406.344	42735.149	47184.144	52012.663	57064.726	62055.046	67035.87	72558.443	78465.095	83784.725	89761.137	95498.91	99815.55
"Tunisia"	788	5561.085	5963.144	6314.423	6638.363	6929.727	7170.243	7383.199	7642.472	7809.844	8005.935	8226.364	8443.879	8545.002	8634.835	8758.158	8886.95	8913.818	8898.612
"Western Sahara"	732	300.04	340.384	364.745	395.523	430.037	463.921	504.007	519.278	535.938	572.667	596.074	606.205	604.62	640.788	657.474	652.682	683.104	697.275
"Botswana"	72	1130.409	1259.559	1382.956	1495.378	1617.362	1731.22	1840.71	1940.698	2044.031	2130.747	2218.414	2296.7	2373.761	2445.156	2515.436	2581.379	2651.341	2722.675
"Lesotho"	426	1056.775	1149.501	1241.816	1330.846	1423.672	1524.241	1627.264	1735.683	1846.267	1961.124	2058.248	2146.774	2248.529	2339.949	2454.233	2563.081	2634.312	2701.701
"Namibia"	516	1196.788	1393.719	1582.726	1746.604	1908.369	2070.322	2240.27	2400.722	2562.629	2722.327	2863.445	2976.975	3063.408	3176.769	3276.607	3384.46	3462.364	3523.121
"South Africa"	710	26797.256	28804.006	30800.88	32667.382	34380.503	35920.638	37370.618	38708.489	39914.877	40908.544	41508.076	42192.948	42919.245	43416.452	44067.203	44491.422	44726.755	45164.586
"Swaziland"	748	636.442	707.567	764.26	820.758	869.506	916.746	968.607	1016.383	1061.716	1113.592	1150.088	1184.435	1206.654	1247.074	1277.332	1295.3	1316.905	1328.151
"Benin"	204	5425.949	6299.83	7224.656	8231.913	9266.596	10377.509	11542.807	12782.519	13967.492	15275.249	16611.056	17960.165	19394.088	20658.672	21865.923	23103.339	24612.442	25777.674
"Burkina Faso"	854	8984.175	10490.768	12185.679	14104.315	16273.781	18668.373	21221.104	23949.202	27038.445	30300.055	33477.135	36903.174	40836.001	44549.561	48335.545	52393.602	56302.532	60828.336
"Cabo Verde"	132	256.827	293.619	327.974	365.363	400.948	437.392	470.999	504.725	531.545	558.784	582.293	596.084	606.125	613.202	639.055	648.443	680.614	700.756
"Cote d'Ivoire"	384	11546.154	13325.19	15398.032	17685.418	20246.193	23256.971	26437.825	29675.199	32924.435	36929.946	40880.035	45165.374	49702.83	54158.765	58921.336	62133.183	67376.027	72422.336
"Gambia"	270	985.531	1236.302	1496.52	1768.391	2084.328	2419.122	2794.681	3187.612	3620.436	4106.242	4546.232	5047.721	5494.334	5993.62	6529.855	7100.428	7597.161	8166.937
"Ghana"	288	13635.406	15862.467	18035.413	20240.914	22595.445	24970.042	27391.432	29963.906	32465.257	35022.843	37351.685	39837.722	42406.083	44605.549	47318.628	50473.618	52400.612	54595.429
"Guinea"	324	6322.237	7704.199	9079.232	10572.092	12233.559	14089.023	16024.935	17773.385	19870.944	21984.248	24252.056	26720.633	29101.632	31280.759	33476.828	36426.094	39797.24	42409.005
"Guinea-Bissau"	624	915.5	1039.297	1171.959	1313.094	1459.974	1621.783	1785.121	1956.068	2132.866	2322.56	2499.945	2687.495	2880.232	3083.75	3296.239	3483.279	3665.908	3863.595
"Liberia"	430	2269.795	2885.19	3470.768	4103.879	4771.496	5511.994	6234.758	6984.193	7985.66	8811.787	9690.476	10818.848	11533.38	12694.086	13665.564	14595.683	15675.214	16650.192
"Mali"	466	8884.69	10501.983	12335.212	14415.045	16803.11	19447.723	22384.25	25634.853	28926.612	32686.586	36471.733	40642.719	45021.17	49912.7	54821.008	59307.434	65196.053	69706.895
"Mauritania"	478	2046.781	2337.278	2648.616	2978.664	3334.978	3701.934	4110.315	4521.946	4951.907	5386.314	5862.178	6338.24	6851.539	7365.607	7851.91	8308.151	8844.946	9419.221
"Niger"	562	10029.155	12443.09	15486.771	19317.433	23967.204	29629.054	36445.682	44559.347	53775.411	64038.04	76315.371	90096.761	104581.984	121348.087	139700.761	159954.402	178193.206	198625.681
"Nigeria"	566	92788.95	106988.34	122525.828	139865.916	158604.021	179542.49	202353.738	227196.615	253695.598	282922.912	312773.699	346017.675	380818.085	416601.194	455501.105	494765.619	537328.096	576163.819
"Senegal"	686	7428.68	8820.603	10345.182	12018.564	13936.427	16079.533	18510.082	21144.503	23754.298	26241.241	29025.681	32206.823	35376.925	39123.361	42982.706	46851.62	51002.792	55353.794
"Sierra Leone"	694	3193.239	3787.992	4407.657	4992.905	5630.453	6341.771	7048.753	7836.351	8670.382	9491.78	10228.77	10989.215	11947.467	12878.188	13608.296	14618.618	15651.116	16404.392
"Togo"	768	3609.095	4286.192	4951.216	5643.172	6327.738	7067.282	7785.75	8616.527	9465.516	10362.452	11157.657	12021.247	12623.404	13476.488	14322.292	15272.89	16158.041	16998.616
"ASIA"	935	2246985.939	2363446.283	2467348.325	2560328.734	2641353.002	2708842.082	2771542.8	2826106.721	2871062.265	2904525.421	2926163.788	2945943.627	2960428.625	2972683.864	2985739.984	2992561.214	3007247.875	3005818.463
"China"	156	708977.116	727604.091	739781.849	746431.083	748147.609	746513.673	743926.495	736658.805	728903.651	715905.174	707051.104	694161.804	681664.513	669158.63	656651.821	651406.286	643070.673	637298.817
"China, Hong Kong SAR"	344	3421.641	3713.375	3960.497	4139.391	4309.358	4443.963	4621.229	4750.905	4906.466	4994.712	5151.172	5280.055	5415.991	5521.533	5547.667	5616.58	5679.91	5773.725
"China, Macao SAR"	446	283.011	338.223	388.23	434.21	462.951	492.253	496.506	496.091	491.68	490.99	487.947	487.533	486.57	489.046	474.586	469.202	472.747	476.952
"Dem. People's Republic of Korea"	408	12299.766	12748.657	13161.707	13519.084	13774.053	13972.279	14140.346	14259.367	14453.634	14680.518	14831.731	15025.359	15222.188	15394.86	15588.279	15765.505	15885.941	16018.153
"Japan"	392	61558.578	61290.739	60678.306	59975.378	59001.365	58046.86	57015.707	56126.36	55254.117	54330.086	53593.832	52832.796	52268.216	51928.928	51660.825	51571.704	51688.044	51637.476
"Mongolia"	496	1464.759	1592.382	1702.252	1809.305	1909.686	2021.065	2134.382	2243.233	2369.361	2475.917	2587.781	2691.055	2785.13	2885.438	2980.246	3068.614	3170.183	3265.499
"Republic of Korea"	410	24995.028	25831.967	26511.385	27052.871	27445.243	27516.621	27360.08	27012.624	26715.499	26332.517	25989.675	25729.727	25376.144	25103.377	24703.652	24526.811	24325.316	23990.28
"Other non-specified areas"	158	11699.869	11885.499	11999.119	12071.892	12134.95	12106.391	11924.083	11772.579	11516.422	11230.568	11021.309	10726.498	10471.058	10275.621	9985.437	9919.253	9749.189	9597.929
"Kazakhstan"	398	8512.059	9533.754	10520.746	11596.422	12715.797	13803.844	15105.968	16268.251	17437.44	18776.989	19850.842	20845.965	22372.147	24103.755	24864.376	25643.051	26993.796	27697.056
"Kyrgyzstan"	417	2940.177	3288.295	3622.773	3964.671	4335.231	4719.072	5112.941	5532.393	5973.004	6441.834	6900.197	7441.239	7848.82	8420.918	8834.261	9307.018	9699.321	10074.373
"Tajikistan"	762	4295.841	4914.738	5547.242	6145.462	6819.757	7479.806	8199.091	8988.176	9793.516	10454.545	11170.875	12041.028	12757.006	13390.148	14209.129	14909.113	15661.783	16321.497
"Turkmenistan"	795	2640.706	2869.183	3066.733	3255.066	3404.848	3550.125	3692.501	3808.078	3916.183	4016.591	4086.533	4136.323	4187.79	4259.4	4276.289	4317.305	4380.752	4400.539
"Uzbekistan"	860	14699.448	16029.491	17260.563	18344.983	19390.839	20412.153	21433.489	22467.033	23273.506	23964.213	24655.803	25285.557	25873.651	26343.342	26860.371	27391.664	28121.527	29246.907
"Afghanistan"	4	16773.704	21375.163	25939.846	29917.043	34555.58	39117.018	43662.179	47413.32	51557.147	55583.539	58559.254	60999.261	64844.306	64304.688	65921.054	66948.211	67350.411	68830.655
"Bangladesh"	50	81276.965	87591.15	93462.142	98669.25	104070.615	108460.174	112581.757	116056.495	119833.248	123083.582	125791.03	128289.841	130551.109	131627.64	132468.539	133243.931	133761.968	134486.463
"Bhutan"	64	416.284	470.957	519.706	555.676	593.675	622.818	659.595	695.829	721.948	739.936	762.305	775.08	795.039	796.401	815.225	830.236	844.849	871.948
"India"	356	679548.408	727613.222	775261.54	821904.038	865497.511	904479.988	944532.214	979994.644	1016035.298	1048004.754	1078417.335	1103972.811	1132438.924	1151536.584	1170441.404	1186605.944	1195787.113	1207266.847
"Iran (Islamic Republic of)"	364	39835.202	43414.888	46315.154	48955.799	51176.055	53689.451	55771.622	57817.714	59575.15	60620.371	61904.062	62323.281	62492.616	62902.738	62970.354	62779.502	63601.319	63619.236
"Maldives"	462	182.367	200.611	215.786	229.307	241.087	253.191	266.308	275.808	284.341	289.52	295.432	298.448	300.925	303.134	303.806	305.412	305.938	306.165
"Nepal"	524	13816.472	14984.89	16154.919	17252.011	18366.047	19323.381	20238.003	21164.845	22093.005	22768.574	23120.638	23567.658	24212.014	24435.217	24887.747	24971.545	24977.887	25056.598
"Pakistan"	586	97052.303	108627.278	120143.724	131783.118	143529.694	155407.782	168161.577	180411.864	192157.089	203008.823	213471.678	223724.837	233256.414	241675.212	251710.531	258934.126	266121.238	273665.242
"Sri Lanka"	144	9979.264	10285.326	10537.32	10770.382	10948.305	11104.318	11257.822	11313.071	11391.742	11366.472	11401.212	11430.859	11521.901	11575.421	11549.561	11472.989	11353.054	11258.962
"Brunei Darussalam"	96	218.027	237.932	257.691	277.743	296.463	314.417	333.487	350.613	369.51	383.697	397.746	414.964	427.989	438.873	452.245	463.484	481.086	495.627
"Cambodia"	116	7598.154	8561.067	9496.252	10395.594	11302.721	12279.226	13224.962	14242.272	15248.366	16129.883	17151.821	17971.954	18992.933	19740.291	20668.762	21322.228	21790.573	22287.623
"Indonesia"	360	129687.879	138334.91	146359.401	153730.046	160825.305	167030.371	172692.401	178580.847	184255.211	189113.01	193348.463	197809.569	202375.073	207178.304	211806.271	215200.849	218593.589	222473.428
"Lao People's Democratic Republic"	418	3385.328	3793.98	4188.628	4575.069	4934.13	5293.783	5655.725	5984.35	6272.702	6550.663	6793.038	7034.381	7220.691	7394.06	7606.141	7739.225	7694.779	7763.263
"Malaysia"	458	15025.676	16362.721	17735.844	19143.511	20449.187	21692.858	22780.421	23789.515	24928.803	25968.535	26996.342	28154.244	29215.556	30282.747	31231.122	32208.649	33221.63	34404.084
"Myanmar"	104	26334.984	27717.615	29019.568	30210.349	31406.409	32323.941	33003.178	33441.164	33842.405	34536.793	34757.238	34891.631	35191.955	35258.319	35100.907	35336.186	35470.003	35255.153
"Philippines"	608	50812.556	55245.031	59586.485	64082.482	68447.848	73010.906	77323.463	81283.37	85202.956	89357.75	93314.981	96742.996	100395.173	103692.566	107055.641	110475.158	113453.969	116721.221
"Singapore"	702	2765.035	3113.334	3464.9	3843.699	4232.841	4674.526	5114.987	5523.65	5897.52	6232.219	6653.881	7073.254	7584.564	8066.186	8525.744	8903.238	9502.862	9984.782
"Thailand"	764	33494.789	34692.994	35229.653	35522.401	35368.734	34996.9	34510.892	33792.179	33408.359	32557.885	31926.809	31368.02	30944.904	30623.506	30321.727	29986.511	29425.596	28862.131
"Timor-Leste"	626	601.573	752.44	905.497	1067.528	1236.067	1427.786	1618.259	1831.499	2047.19	2255.862	2534.015	2783.105	3085.884	3310.332	3635.58	3941.692	4168.793	4320.909
"Viet Nam"	704	46224.469	49028.737	51505.815	53548.289	55115.721	56498.11	57733.182	58862.437	59786.363	60468.684	60725.367	61163.866	61381.645	61543.607	61501.593	61744.529	61938.824	61707.975
"Armenia"	51	1399.511	1524.397	1637.239	1738.891	1831.263	1923.57	2028.563	2133.217	2195.143	2245.689	2315.439	2374.513	2360.479	2348.874	2462.398	2564.726	2525.366	2577.866
"Azerbaijan"	31	4855.546	5203.935	5460.166	5643.106	5820.434	5996.647	6166.887	6310.179	6421.132	6515.61	6577.443	6647.147	6788.485	6883.529	6998.726	7170.205	7286.079	7446.213
"Bahrain"	48	853.607	986.347	1072.601	1149.411	1194.215	1245.406	1258.007	1266.104	1289.117	1262.062	1253.747	1235.079	1213.252	1203.278	1188.851	1187.323	1175.549	1208.468
"Cyprus"	196	594.492	643.948	692.556	738.039	783.981	837.069	877.736	914.02	954.459	1000.955	1031.786	1070.412	1076.325	1099.586	1116.615	1144.598	1183.744	1193.955
"Georgia"	268	1908.151	1887.259	1875.764	1868.533	1863.444	1867.688	1886.644	1885.853	1907.693	1932.145	1922.477	1964.273	1975.094	1991.219	2030.318	2033.171	2090.258	2104.469
"Iraq"	368	18436.977	21784.813	25524.172	29438.221	33855.76	38476.51	43382.397	48636.673	54186.01	60451.338	67037.685	74428.829	82431.805	90169.045	97707.794	105699.303	114528.718	124857.725
"Israel"	376	3998.623	4540.259	5086.606	5666.701	6323.164	7010.15	7672.825	8385.86	9166.681	9975.72	10652.119	11435.976	12291.78	13206.943	14180.474	14820.663	15653.12	16648.993
"Jordan"	400	3889.014	4828.481	5705.448	6650.563	7575.137	8545.597	9531.684	10349.94	11435.012	12317.754	13223.033	13955.159	14722.556	15452.487	16482.408	17021.91	17230.763	18272.207
"Kuwait"	414	2186.436	2928.292	3562.941	4050.125	4403.795	4772.927	4901.796	5063.422	5186.52	5215.713	5323.813	5289.482	5430.156	5616.279	5637.385	5820.391	5872.083	5882.151
"Lebanon"	422	2938.529	3572.1	3847.797	4094.397	4517.819	5034.672	5622.714	6177.272	6708.607	7192.887	7692.416	8100.341	8382.809	8775.4	9078.074	9604.849	9665.811	9676.917
"Oman"	512	2978.627	4141.771	5354.363	6516.204	7505.488	8327.038	8950.525	9394.836	9390.021	9602.416	9739.416	9775.526	9763.269	9760.265	9750.229	9523.464	9447.352	9362.218
"Qatar"	634	1623.719	2213.19	2697.702	3023.146	3341.361	3555.931	3750.582	3928.156	4057.23	4119.545	4108.165	4214.39	4291.949	4256.853	4287.126	4375.551	4461.68	4446.947
"Saudi Arabia"	682	17835.91	20071.632	22184.5	24033.942	25702.186	27075.068	28154.724	28637.679	28996.553	29470.132	29953.601	30218.285	30246.215	30685.856	30768.913	30787.637	31110.756	31395.984
"State of Palestine"	275	2366.75	2937.107	3559.319	4231.925	4883.027	5532.152	6342.103	7153.355	8016.264	8948.742	9798.514	10511.505	11597.726	12198.709	12944.813	13717.508	14661.424	15346.756
"Syrian Arab Republic"	760	9366.509	10243.296	11178.417	12145.671	13234.057	14331.618	15406.719	16558.85	17694.992	18978.682	19831.217	20763.301	21899.403	22797.739	23343.869	23199.523	23276.68	23815.949
"Turkey"	792	38674.562	42153.612	45555.024	49118.02	52394.688	56076.626	59462.604	63214.196	66273.127	69298.954	72404.247	74995.306	77676.872	80141.877	83174.876	84966.281	87674.102	88633.411
"United Arab Emirates"	784	6708.256	8858.68	10557.557	11630.739	12536.949	13537.601	14200.761	14741.389	15074.744	14963.436	15069.853	14903.5	15265.161	15606.473	15670.307	16019.872	16312.666	16236.48
"Yemen"	887	13553.282	15816.376	18093.89	20415.687	22633.503	24867.378	26947.062	29106.744	30748.213	32326.652	33445.011	34603.209	35498.535	36432.784	36771.037	37497.41	37191.304	37255.282
"EUROPE"	908	355993.718	358119.244	358793.714	358321.664	357102.962	355524.596	353770.842	352069.233	350469.16	348759.697	347301.097	347040.369	348048.314	349130.041	351225.443	353186.396	356673.7	358688.292
"Belarus"	112	4413.529	4448.668	4465.993	4443.192	4410.027	4387.696	4374.51	4381.125	4382.021	4368.194	4368.547	4366.841	4402.483	4445.761	4497.754	4541.761	4619.379	4688.29
"Bulgaria"	100	3473.406	3391.534	3304.032	3206.174	3110.661	3025.469	2943.668	2871.48	2779.282	2718.253	2675.615	2619.691	2580.452	2547.619	2543.852	2543.658	2534.217	2527.001
"Czech Republic"	203	5180.067	5244.731	5279.947	5284.92	5259.118	5242.874	5224.649	5200.382	5181.444	5142.496	5083.152	5049.457	5035.952	5046.313	5099.531	5123.778	5098.672	5132.092
"Hungary"	348	4690.865	4677.583	4638.277	4589.27	4512.908	4449.717	4390.624	4342.77	4308.621	4256.382	4199.67	4129.215	4086.548	4059.657	4014.898	3983.162	3982.403	3966.283
"Poland"	616	18673.687	18687.562	18571.836	18342.44	18041.918	17698.414	17367.629	16988.017	16575.204	16152.865	15646.995	15178.961	14711.593	14328.617	13963.983	13600.944	13329.316	13156.123
"Republic of Moldova"	498	1955.859	1973.405	1978.076	1976.87	1958.279	1941.965	1924.372	1910.49	1895.23	1880.574	1878.34	1842.279	1826.907	1815.714	1817.748	1806.379	1772.102	1781.384
"Romania"	642	9450.977	9172.937	8899.712	8654.964	8410.27	8190.617	7990.653	7781.863	7637.254	7501.197	7306.226	7206.026	7042.665	6973.334	6872.634	6829.007	6816.66	6800.545
"Russian Federation"	643	66644.047	67134.827	67282.841	67080.361	66960.472	67056.354	67600.372	68299.593	68697.701	69378.46	70016.96	70999.434	72317.985	74025.127	75972.596	78139.263	79237.946	80852.467
"Slovakia"	703	2630.135	2651.425	2650.5	2633.327	2594.825	2554.838	2517.085	2472.411	2424.131	2372.939	2319.812	2254.901	2195.133	2146.597	2107.558	2084.872	2061.386	2033.821
"Ukraine"	804	20759.396	20610.008	20375.05	20036.73	19583.703	19210.315	18868.194	18549.836	18264.072	17960.122	17674.359	17569.312	17314.194	17272.559	17356.896	17468.39	17470.456	17542.416
"Channel Islands"	830	81.125	84.323	87.332	90.21	93.299	95.812	98.238	100.74	102.897	105.328	108.416	111.102	114.554	118.075	121.736	125.552	129.903	134.285
"Denmark"	208	2813.929	2895.706	2987.829	3077.45	3168.172	3251.474	3331.697	3405.983	3492.358	3584.629	3697.535	3830.987	3958.144	4087.008	4198.255	4319.203	4486.633	4623.23
"Estonia"	233	614.318	628.406	637.744	643.937	649.218	656.379	661.622	665.876	673.138	676.916	684.078	686.808	692.161	693.142	693.747	699.83	704.479	718.796
"Finland"	246	2709.039	2814.182	2905.865	2986.769	3056.018	3109	3175.432	3243.2	3302.672	3350.824	3403.054	3454.333	3510.09	3590.943	3655.985	3700.537	3768.079	3821.95
"Iceland"	352	165.02	173.522	181.144	188.587	195.249	201.046	206.733	211.966	216.419	220.528	224.702	227.982	230.878	233.674	237.099	238.965	241.338	245.658
"Ireland"	372	2340.097	2470.908	2573.782	2700.568	2816.911	2957.201	3104.811	3231.314	3355.038	3433.83	3556.818	3661.431	3758.747	3858.289	3971.851	4100.028	4333.225	4402.683
"Latvia"	428	903.99	887.068	878.021	861.267	854.051	845.426	834.938	833.418	836.209	831.939	837.714	841.124	835.17	848.079	862.66	895.141	905.779	921.317
"Lithuania"	440	1325.24	1252.545	1198.417	1153.824	1113.749	1082.163	1059.074	1038.002	1025.184	1015.684	1007.843	1002.154	1003.248	998.793	1002.543	1006.758	1019.572	1018.602
"Norway"	578	2624.804	2829.665	3052.942	3289.686	3541.028	3808.847	4100.962	4393.818	4739.881	5101.029	5514.305	5986.522	6489.371	7047.192	7672.562	8266.407	8934.348	9538.166
"Sweden"	752	4886.817	5145.679	5402.081	5647.321	5873.397	6100.824	6375.802	6646.744	6899.729	7198.041	7477.626	7757.615	8025.497	8368.238	8720.483	9077.517	9455.628	9912.975
"United Kingdom"	826	31898.594	33220.812	34494.539	35754.791	36913.227	38087.672	39299.049	40468.934	41799.55	42917.63	44026.447	45109.321	46325.029	47489.055	48721.813	49768.078	51096.705	52346.676
"Albania"	8	1436.82	1531.321	1618.312	1707.609	1792.419	1874.966	1937.741	2009.868	2086.262	2182.326	2238.703	2316.963	2416.997	2406.13	2399.416	2410.839	2462.26	2488.459
"Bosnia and Herzegovina"	70	1896.451	1974.611	2014.164	2019.58	2017.825	2012.534	2013.077	1972.55	1942.22	1887.785	1825.094	1796.133	1760.623	1737.027	1712.787	1683.473	1648.221	1608.499
"Croatia"	191	2045.25	2043.614	2024.863	2002.985	1989.297	1966.438	1946.837	1940.666	1918.888	1890.216	1864.738	1830.755	1803.725	1778.307	1765.689	1758.365	1737.05	1717.686
"Greece"	300	5345.169	5345.531	5341.375	5341.416	5347.761	5384.945	5395.016	5372.937	5339.48	5271.93	5192.361	5150.421	5095.251	5053.562	5006.463	4992.184	5048.526	5074.153
"Italy"	380	29069.71	29355.641	29576.731	29797.146	29983.637	30164.597	30235.615	30273.788	30234.79	30302.706	30181.386	30303.948	30385.133	30651.59	30878.139	31331.585	31822.099	32260.343
"Malta"	470	208.496	215.232	221.995	229.711	237.569	243.387	248.982	255.252	259.958	268.379	276.921	284.636	289.402	295.054	305.364	313.88	319.617	323.578
"Montenegro"	499	309.211	321.199	323.761	326.848	327.149	327.251	324.651	323.094	319.851	312.569	311.179	308.143	303.96	299.833	297.934	294.484	286.684	284.067
"Portugal"	620	4900.539	5058.23	5123.378	5175.161	5255.597	5300.452	5267.377	5280.779	5262.537	5215.226	5145.172	5068.418	5065.693	5012.552	4961.829	4970.527	4857.668	4894.865
"Serbia"	688	4319.647	4333.046	4327.77	4294.53	4252.438	4191.517	4140.128	4102.157	4051.24	3999.984	3943.495	3898.071	3850.561	3806.647	3782.986	3744.732	3736.479	3706.595
"Slovenia"	705	1024.828	1049.189	1068.147	1083.76	1094.128	1104.384	1112.134	1119.151	1117.644	1120.073	1124.873	1129.058	1141.935	1163.023	1177.478	1198.289	1226.763	1245.841
"Spain"	724	22623.601	23057.98	23318.236	23540.522	23915.068	24326.526	24478.651	24683.454	24907.646	24756.755	24682.962	24497.689	24503.353	24504.844	24722.027	24793.283	25250.453	25816.003
"TFYR Macedonia"	807	1034.65	1063.806	1086.144	1099.026	1104.597	1110.731	1111.219	1100.689	1096.704	1077.994	1069.521	1059.518	1063.11	1042.673	1028.202	997.814	994.744	979.121
"Austria"	40	4196.321	4330.795	4445.099	4569.531	4677.517	4772.731	4842.105	4889.948	4949.526	4998.594	5048.017	5113.709	5214.492	5297.064	5382.713	5478.018	5603.207	5761.634
"Belgium"	56	5559.101	5839.774	6070.727	6310.714	6546.923	6810.164	7078.381	7348.029	7624.361	7922.151	8221.988	8597.249	8969.634	9374.271	9813.011	10226.845	10596.512	11151.941
"France"	250	31341.653	32515.933	33608.803	34823.902	35889.974	37036.654	37988.51	38979.918	40015.778	41087.998	42406.96	43848.484	45235.338	46762.395	48347.074	49812.549	50983.573	52185.396
"Germany"	276	39652.724	40352.437	40835.095	41269.301	41597.387	41730.095	41759.26	41614.885	41705.04	41398.59	41272.756	41287.426	41482.34	41545.547	41739.251	42022.671	42426.127	42782.952
"Luxembourg"	442	284.615	325.298	372.759	432.059	501.534	574.908	653.167	739.864	834.872	932.886	1061.807	1185.851	1345.52	1504.175	1692.293	1912.69	2119.577	2410.851
"Netherlands"	528	8400.626	8623.957	8838.851	9048.99	9230.937	9390.899	9516.651	9661.894	9810.534	9997.86	10210.65	10463.997	10719.422	10988.967	11289.114	11549.01	11792.341	12058.692
"Switzerland"	756	4109.365	4427.996	4758.033	5088.591	5432.807	5774.436	6095.197	6327.191	6589.798	6930.709	7265.653	7603.55	7922.483	8201.857	8407.837	8705.693	9234.016	9465.358
"LATIN AMERICA AND THE CARIBBEAN"	904	313340.223	330740.039	346708.571	360828.432	373640.047	385299.711	394325.021	402802.971	410035.815	415183.209	419236.436	421071.988	421218.301	421221.88	420888.294	419073.136	417171.499	414701.694
"Antigua and Barbuda"	28	43.889	49.606	54.361	59.228	64.745	68.375	73.795	77.553	80.638	85.146	87.311	94.411	96.222	97.717	101.667	105.704	107.957	111.394
"Aruba"	533	49.375	54.16	58.178	61.331	64.271	66.544	68.294	68.958	69.754	72.361	74.836	74.938	76.348	77.842	76.947	78.623	80.738	82.939
"Bahamas"	44	189.957	212.239	235.225	258.772	282.613	308.723	333.277	353.3	376.195	393.631	411.437	429.914	448.289	477.562	487.91	506.623	518.978	542.984
"Barbados"	52	136.176	140.975	145.924	151.651	158.618	164.438	170.851	177.241	182.707	190.861	197.822	206.205	213.32	221.893	227.619	237.042	248.144	256.427
"Cuba"	192	5721.942	5786.889	5800.206	5794.427	5756.41	5653.835	5558.75	5404.132	5248.447	5054.745	4859.055	4664.08	4508.273	4377.895	4283.179	4136.053	4023.294	3910.242
"Curacao"	531	72.513	82.123	92.303	102.316	112.51	121.676	132.359	143.391	152.926	161.472	170.072	177.999	186.847	201.097	206.732	218.43	226.345	235.344
"Dominican Republic"	214	5246.1	5589.011	5917.94	6210.046	6489.562	6737.73	6973.651	7196.906	7371.695	7525.182	7632.907	7737.125	7808.424	7868.758	7876.011	7874.682	7828.533	7769.463
"Grenada"	308	53.584	60.008	66.294	72.785	80.113	87.162	93.556	98.383	104.096	107.169	111.161	117.45	121.959	126.15	125.786	126.535	131.37	135.936
"Guadeloupe"	312	216.65	240.646	263.967	292.003	317.372	342.417	366.621	389.208	414.016	429.073	457.496	487.818	514.109	549.057	580.083	592.444	629.392	653.354
"Haiti"	332	5297.422	5713.857	6116.641	6506.854	6900.126	7249.17	7597.322	7930.087	8229.8	8560.286	8788.47	9004.021	9196.022	9332.443	9536.824	9623.99	9810.485	9830.686
"Jamaica"	388	1391.039	1470.741	1555.511	1641.676	1728.343	1820.588	1911.107	2005.481	2112.395	2235.728	2344.637	2442.879	2558.475	2683.764	2727.219	2795.253	2938.28	3037.601
"Martinique"	474	181.578	188.379	194.275	199.726	207.246	211.152	218.892	219.985	223.01	231.195	236.021	242.764	248.339	256.39	267.518	273.597	279.574	283.818
"Puerto Rico"	630	1770.578	1806.18	1836.824	1867.561	1883.536	1893.994	1909.072	1904.673	1910.824	1907.375	1891.861	1865.465	1836.259	1816.988	1799.296	1771.361	1750.815	1711.327
"Saint Lucia"	662	90.759	96.828	103.024	109.37	116.294	122.794	128.993	135.575	140.361	145.679	152.357	158.741	164.611	169.887	178.399	182.735	188.525	189.253
"Saint Vincent and the Grenadines"	670	55.232	56.227	57.015	57.564	58.513	59.3	59.414	59.73	60.442	61.333	61.728	62.724	63.632	64.601	66.308	68.111	70.656	73.834
"Trinidad and Tobago"	780	671.085	693.304	714.158	726.606	742.142	755.06	761.472	764.214	767.099	765.831	767.326	773.494	774.879	774.91	779.646	786.139	789.327	804.256
"United States Virgin Islands"	850	50.634	58.961	64.956	72.012	75.643	82.76	88.54	91.388	94.26	98.94	104.327	109.598	114.356	115.342	120.785	124.14	126.502	132.779
"Belize"	84	179.104	206.44	235.914	265.316	294.729	322.799	351.089	379.998	412.307	441.674	469.034	493.951	514.267	519.961	529.559	532.352	529.143	532.109
"Costa Rica"	188	2405.545	2558.866	2708.275	2852.486	2985.01	3102.759	3212.413	3320.658	3407.73	3481.796	3575.693	3642.097	3690.53	3733.981	3806.124	3842.702	3897.507	3930.283
"El Salvador"	222	2875.241	2955.168	3024.375	3095.959	3156.11	3208.234	3272.456	3312.016	3348.009	3375.419	3397.976	3395.92	3417.374	3416.093	3413.956	3422.875	3414.602	3390.961
"Guatemala"	320	7993.268	8960.002	9952.189	11005.344	12057.271	13139.815	14283.437	15451.567	16550.779	17647.599	18843.056	20020.21	21015.897	21894.948	22903.242	23781.665	24787.928	25568.635
"Honduras"	340	4035.962	4387.037	4727.029	5045.66	5325.98	5594.49	5832.663	6053.342	6232.199	6400.367	6505.553	6553.117	6593.209	6649.463	6567.693	6536.61	6514.194	6428.721
"Mexico"	484	63181.447	67909.229	72269.143	76282.855	80047.269	83346.843	86359.153	88778.751	91532.997	92640.324	94358.453	95610.214	95838.74	96195.008	96745.051	97050.673	96898.584	96860.116
"Nicaragua"	558	2997.973	3196.902	3384.776	3551.528	3713.006	3854.168	3972.407	4092.103	4189.512	4274.192	4317.332	4347.717	4353.36	4334.14	4331.527	4290.96	4232.117	4206.757
"Panama"	591	1969.74	2141.477	2311.26	2484.683	2654.486	2818.276	2989.467	3156.167	3315.66	3460.199	3613.465	3752.446	3900.095	4050.456	4208.816	4309.62	4431.178	4536.989
"Argentina"	32	21244.702	22596.438	23950.746	25244.324	26545.544	27852.677	29173.309	30530.115	31670.828	33015.224	34162.474	35295.165	36347.566	37315.407	38234.502	39034.478	40022.527	40893.082
"Bolivia (Plurinational State of)"	68	5370.715	5846.305	6336.417	6836.039	7337.359	7839.843	8368.006	8895.241	9371.45	9859.272	10339.962	10826.826	11262.092	11710.19	12111.654	12467.171	12717.893	13024.651
"Brazil"	76	102200.738	107100.755	111725.722	116000.625	120010.467	123343.489	126412.949	128849.692	130865.173	132522.066	133993.386	134184.735	134813.727	134624.516	135196.264	135290.864	135183.312	135162.055
"Chile"	152	8855.069	9387.176	9916.852	10428.66	10900.089	11359.108	11793.295	12212.105	12594.92	12970.587	13242.312	13640.158	13969.413	14209.549	14436.272	14788.208	15035.177	15306.122
"Colombia"	170	23743.535	24944.1	26049.638	27025.623	27900.678	28608.798	29221.208	29825.333	30178.464	30545.898	30844.793	31076.284	31422.24	31543.928	31470.053	31452.579	31478.33	31357.533
"Ecuador"	218	8071.064	8753.245	9437.686	10087.545	10738.948	11362.96	11943.313	12504.251	13049.57	13564.883	14043.076	14473.117	14863.636	15209.252	15545.284	15886.386	16218.71	16492.563
"French Guiana"	254	134.236	162.941	196.573	238.426	287.614	340.611	393.99	444.6	505.7	557.4	626.676	680.706	723.464	799.74	866.26	984.533	1015.164	1060.768
"Guyana"	328	385.499	415.354	451.691	493.709	528.802	574.457	623.793	679.141	735.447	790.793	871.528	956.39	1020.577	1076.733	1135.854	1194.78	1273.635	1320.296
"Paraguay"	600	3369.126	3629.949	3887.568	4136.916	4368.184	4590.665	4805.192	5013.132	5201.737	5365.522	5516.425	5640.068	5754.305	5859.12	5932.749	5994.161	6041.611	6095.706
"Peru"	604	15673.108	16803.668	17899.117	18921.725	19887.27	20785.846	21635.702	22475.464	23203.598	23841.267	24475.571	24991.856	25248.463	25584.759	25669.735	25813.42	25932.139	26052.785
"Suriname"	740	272.038	297.959	325.393	357.877	385.868	415.718	447.41	479.382	499.308	531.146	558.296	579.757	604.953	628.704	636.644	662.351	694.841	727.291
"Uruguay"	858	1656.399	1718.338	1770.389	1819.355	1860.534	1893.616	1926.907	1958.812	1979.758	1996.718	1998.204	2016.501	2019.856	2017.88	2014.178	2032.441	2036.404	2036.078
"Venezuela (Bolivarian Republic of)"	862	15487.201	16659.085	17756.255	18804.219	19841.818	20823.999	21755.538	22563.862	23414.821	24117.13	24789.084	25359.534	25992.808	26490.962	27010.235	27437.627	27657.419	27899.663
"NORTHERN AMERICA"	905	177320.04	185392.98	193500.891	201496.792	209175.236	216045.907	222981.415	230008.545	237843.6	245646.489	253751.072	262363.886	271547	280152.485	289693.284	300081.889	310734.637	321784.159
"Canada"	124	17826.268	18939.514	19938.881	20911.063	21706.864	22596.215	23287.565	24054.005	24878.976	25810.807	26746.246	27978.509	28978.886	30196.354	31099.187	32185.106	33476.386	34760.457
"United States of America"	840	159493.772	166784.959	174202.737	181626.594	188718.932	195182.926	201776.517	208199.789	215746.593	223119.862	231205.666	239112.692	248004.9	256866.652	265087.288	273685.256	283746.773	294341.804
"OCEANIA"	909	19584.842	21283.54	22961.186	24591.548	26266.014	27935.039	29518.564	31266.328	33147.1	34903.62	36827.328	38770.187	40362.445	42173.883	44194.675	46325.483	49019.901	51072.535
"Australia"	36	11975.935	13092.604	14185.122	15250.5	16300.527	17422.876	18664.948	19725.036	21124.758	22570.8	23714.575	25363.132	26763.771	28275.005	30423.711	32295.864	33826.575	35640.822
"New Zealand"	554	2213.123	2347.375	2460.781	2578.729	2678.413	2769.204	2852.456	2937.715	3042.372	3131.278	3230.759	3333.115	3418.856	3491.921	3585.559	3674.576	3729.125	3811.173
"Fiji"	242	453.627	485.717	519.35	549.415	583.182	615.001	649.188	675.327	707.219	731.739	754.908	763.672	794.538	819.616	845.824	867.399	884.312	928.578
"New Caledonia"	540	132.725	144.186	154.357	164.025	173.842	183.635	193.607	203.595	213.133	223.031	231.977	242.905	252.545	262.852	275.486	285.01	294.173	303.113
"Papua New Guinea"	598	3886.788	4340.714	4813.558	5304.661	5824.08	6336.143	6850.786	7387.168	7903.815	8483.977	9032.368	9608.371	10092.366	10631.048	11273.424	11786.661	12319.227	12806.661
"Solomon Islands"	90	296.323	329.989	366.099	404.364	445.358	487.971	531.676	572.735	618.147	665.884	713.108	761.87	815.415	863.618	908.173	954.293	1001.328	1037.719
"Vanuatu"	548	134.055	151.553	168.612	187.068	206.675	226.893	247.189	267.813	290.041	313.242	336.441	359.349	383.721	409.425	431.659	449.405	469.487	484.603
"Guam"	316	86.153	93.918	102.093	110.419	117.986	125.596	132.28	139.485	146.036	152.701	160.832	165.802	173.417	177.551	181.716	184.696	187.149	190.982
"Kiribati"	296	55.424	62.214	69.257	75.76	82.617	89.655	96.956	105.524	113.05	121.937	129.164	136.956	144.304	151.83	158.996	167.421	174.568	180.55
"Micronesia (Fed. States of)"	583	53.51	59.98	67.896	76.23	85.636	94.533	102.397	112.827	124.855	136.326	145.722	152.657	160.381	169.777	176.868	179.52	186.42	197.566
"French Polynesia"	258	144.296	156.031	166.763	177.213	187.191	197.147	206.262	213.391	221.406	230.429	238.298	246.406	252.968	258.982	267.294	274.66	282.743	292.209
"Samoa"	882	99.644	106.687	115.005	126.029	138.085	153.273	167.817	184.622	204.121	226.644	247.215	274.625	300.158	327.15	355.585	375.559	392.974	414.396
"Tonga"	776	53.239	57.173	62.217	68.982	77.141	86.453	96.566	107.42	121.691	134.477	153.075	172.938	190.974	207.829	228.622	240.973	256.581	271.41
