"name"	"country_code"	"2015"	"2020"	"2025"	"2030"	"2035"	"2040"	"2045"	"2050"	"2055"	"2060"	"2065"	"2070"	"2075"	"2080"	"2085"	"2090"	"2095"	"2100"
"WORLD"	900	3641738.973	3855016.353	4059367.693	4256134.689	4441983.906	4619626.399	4791696.16	4950240.004	5103322.695	5244873.392	5385308.767	5522037.891	5647930.132	5771421.974	5901193.649	6021943.099	6139175.604	6255901.11
"AFRICA"	903	592721.705	671740.598	755934.076	846726.395	944958.48	1047056.796	1157474.998	1269959.708	1388209.065	1512522.382	1636954.475	1762720.374	1889724.037	2020694.411	2153856.989	2289055.13	2426269.397	2560972.965
"Burundi"	108	5654.689	6787.962	8027.049	9334.585	10859.126	12530.848	14472.643	16676.126	18967.023	21397.663	23802.215	26684.448	29796.172	33011.302	36106.974	39763.482	43117.649	47052.524
"Comoros"	174	390.774	450.359	510.877	574.666	639.441	709.456	783.919	857.313	933.433	1009.306	1085.075	1165.332	1240.703	1317.69	1395.271	1468.441	1552.857	1623.401
"Djibouti"	262	442.019	557.092	687.414	777.002	872.599	960.324	1025.046	1091.219	1150.93	1210.818	1298.202	1357.911	1412.347	1429.698	1475.796	1503.12	1553.161	1615.323
"Eritrea"	232	2608.948	3079.751	3558.953	4090.952	4650.696	5247.085	5873.989	6554.584	7181.702	7858.747	8498.131	9144.323	9818.26	10465.932	11056.985	11629.639	12475.956	13129.413
"Ethiopia"	231	49783.139	57503.701	65652.173	74520.955	83368.653	93011.915	102806.498	113098.008	123502.563	134409.037	145524.244	156544.212	166447.858	176181.072	184454.77	194232.04	201083.172	208571.436
"Kenya"	404	23033.365	26313.844	29742.82	33376.594	37223.623	41225.042	45437.136	49796.645	54513.465	59135.826	63383.851	67574.692	71890.373	76109.671	80605.437	84462.712	88416.316	91299.428
"Madagascar"	450	12152.929	14111.744	16321.312	18788.696	21531.621	24564.409	27879.987	31549.336	35687.546	40027.86	44442.529	49390.037	54371.111	59938.127	65966.618	71457.108	77279.781	83010.163
"Malawi"	454	8622.171	10480.847	12607.154	14979.924	17423.603	20253.119	23556.202	26703.385	30496.781	33966.336	38595.803	42943.959	47523.253	52307.587	58132.689	62194.435	68012.688	74833.477
"Mauritius"	480	644.371	665.316	678.677	691.47	698	698.854	692.884	684.42	675.384	661.183	651.989	638.352	621.361	604.301	586.967	572.257	557.033	544.835
"Mayotte"	175	122.137	145.295	170.7	197.895	230.916	265.013	300.429	339.837	386.71	428.108	462.999	499.402	541.406	587.166	650.945	688.488	727.736	773.218
"Mozambique"	508	14311.663	16647.291	19222.589	22167.76	25466.7	29146.74	33099.905	37720.247	42509.642	47928.981	53363.063	59216.795	65650.453	72120.986	79129.612	86355.349	93911.741	100811.382
"Reunion"	638	444.386	474.844	501.93	527.373	554.288	579.814	602.421	627.848	649.933	662.811	677.742	699.162	717.489	731.742	745.936	755.937	781.69	799.587
"Rwanda"	646	6050.1	7248.562	8394.808	9666.489	10819.702	12057.263	13254.785	14422.985	15749.104	16815.412	18005.044	18823.487	19919.928	20834.243	21823.768	22605.316	23370.576	23488.919
"Seychelles"	690	47.605	50.867	53.749	56.548	58.898	61.46	63.384	65.185	66.669	67.644	69.262	70.824	71.571	72.442	72.993	74.656	74.638	75.796
"Somalia"	706	5419.167	7454.366	9271.295	11168.578	13604.237	15743.432	18429.779	21335.041	25059.851	28662.914	31947.451	36584.663	40556.601	45041	50530.777	56550.947	61483.463	68698.74
"South Sudan"	728	6160.58	7826.525	9525.427	11236.504	13065.061	14974.043	17292.595	19696.365	22246.185	24261.599	27181.437	30054.509	33090.245	35244.568	38678.88	41577.458	45287.064	46807.147
"Uganda"	800	19525.205	23229.089	27362.547	32021.972	37262.143	42918.706	49205.278	55837.681	62705.275	70062.314	78227.995	87253.759	96538.274	105912.813	115731.601	126823.715	137091.101	147329.714
"United Republic of Tanzania"	834	26896.189	31805.501	37405.648	44030.003	51587.004	59986.206	69833.309	80541.286	92889.982	105777.8	120435.844	135885.293	153491.439	170983.777	190796.691	211868.745	232469.757	255615.28
"Zambia"	894	8118.12	9507.469	11057.627	12807.486	14790.103	16977.076	19299.65	21908.334	24898.157	28038.958	31201.568	34807.526	38629.871	42572.199	46716.395	50894.382	55569.714	60504.506
"Zimbabwe"	716	7915.194	8906.901	9896.464	10922.453	12000.592	13176.498	14397.614	15692.716	16717.842	17865.671	18916.592	20047.111	21183.753	22275.678	23260.723	24188.285	25040.282	25781.859
"Angola"	24	12605.782	15084.651	17832.715	20920.679	24497.855	28679.578	33139.707	38114.656	43464.345	49193.88	55635.948	62876.903	70361.119	77503.892	85352.281	93637.453	103199.535	113049.386
"Cameroon"	120	11671.895	13252.929	14924.147	16673.169	18527.101	20477.18	22541.418	24600.896	26747.082	28888.623	30906.474	32909.346	34861.724	36902.911	39064.429	40676.482	42620.489	44263.801
"Central African Republic"	140	2484.856	2760.955	3037.016	3296.692	3558.351	3802.194	4046.763	4272.932	4484.629	4680.399	4864.61	5044.046	5196.895	5299.53	5387.469	5473.116	5562.568	5581.945
"Chad"	148	7009.901	8350.543	9849.619	11550.873	13445.09	15479.455	17745.103	20265.312	22877.597	25737.573	28832.923	31886.223	35347.928	39074.479	42703.862	46237.013	50106.009	54509.072
"Congo"	178	2309.21	2666.285	3052.551	3487.151	3968.686	4512.566	5079.291	5674.336	6331.788	7001.834	7719.562	8486.598	9285.696	10188.619	11020.276	11947.842	12912.034	13847.276
"Democratic Republic of the Congo"	180	38733.679	46156.398	54677.62	64076.127	74600.361	86346.7	99865.893	114188.768	131240.284	149455.423	167513.424	187484.207	208478.513	230188.117	253936.105	278179.486	306348.284	333590.233
"Equatorial Guinea"	226	411.954	527.152	646.037	764.821	866.052	979.812	1099.898	1210.684	1335.231	1465.073	1623.909	1790.45	1915.564	2075.861	2213.488	2378.405	2507.646	2654.06
"Gabon"	266	852.86	957.194	1065.572	1176.187	1294.174	1418.39	1537.696	1662.874	1784.532	1906.348	2030.051	2141.218	2249.584	2359.883	2458.552	2538.331	2623.643	2700.194
"Sao Tome and Principe"	678	95.585	112.294	129.886	149.9	170.778	193.672	217.767	245.187	266.931	295.835	322.883	350.299	376.152	407.329	428.835	449.194	490.233	522.114
"Algeria"	12	19708.915	21628.595	23317.532	24832.912	26226.047	27661.847	29123.058	30699.645	31984.691	33116.515	34035.808	35023.392	35896.532	36692.096	37343.089	38021.752	38713	39264.971
"Egypt"	818	45267.664	50293.381	55157.495	60135.27	65532.565	71092.88	77203.328	83073.033	89111.406	95045.837	100675.004	106154.94	111594.174	117762.28	123957.656	129495.115	136164.839	141444
"Libya"	434	3121.693	3309.396	3478.918	3658.383	3830.348	3998.504	4146.038	4276.904	4409.712	4528.014	4603.345	4675.951	4720.343	4804.054	4887.379	5052.233	5157.907	5141.184
"Morocco"	504	17388.247	18613.628	19736.001	20774.317	21685.272	22597.743	23407.815	24035.323	24549.205	24958.395	25266.006	25433.121	25556.298	25747.961	25812.457	25714.711	25631.295	25349.077
"Sudan"	729	20037.863	23231.61	26530.593	30099.677	33943.285	38176.642	42434.866	47029.341	51918.631	56855.021	61997.333	67372.66	72790.044	79185.229	84096.86	90058.267	95613.611	100379.866
"Tunisia"	788	5692.469	6105.468	6469.659	6800.441	7090.965	7325.55	7530.163	7723.556	7851.914	8049.727	8215.681	8366.023	8411.123	8402.582	8487.685	8545.729	8644.369	8702.291
"Western Sahara"	732	272.5	311.231	336.658	366.355	400.764	437.442	472.238	490.728	509.547	541.715	568.688	578.697	579.588	609.236	622.679	630.622	648.65	663.349
"Botswana"	72	1132.076	1257.228	1377.389	1492.695	1613.089	1726.403	1848.234	1953.424	2058.582	2153.017	2226.097	2315.269	2410.768	2497.821	2549.756	2632.35	2692.062	2764.654
"Lesotho"	426	1078.247	1157.714	1238.219	1314.964	1399.598	1495.473	1591.312	1696.753	1813.821	1937.017	2037.24	2135.05	2234.282	2323.408	2424.2	2526.942	2640.131	2696.802
"Namibia"	516	1262.042	1431.452	1599.881	1774.72	1947.757	2115.83	2302.826	2478.668	2625.619	2801.984	2973.692	3085.505	3186.877	3302.014	3430.951	3542.261	3614.104	3730.863
"South Africa"	710	27693.15	29534.125	31368.01	33103.304	34696.421	36241.332	37655.055	39205.251	40451.661	41503.349	42498.358	43197.328	44340.253	45114.794	45679.116	46232.291	46694.112	46910.453
"Swaziland"	748	650.528	704.45	754.881	805.552	853.31	906.117	961.374	1016.069	1071.767	1119.857	1168.451	1216.147	1266.809	1312.219	1359.214	1382.564	1411.051	1437.388
"Benin"	204	5453.88	6266.454	7153.361	8106.494	9125.93	10216.768	11350.158	12594.04	13824.608	15166.097	16513.237	17953.357	19384.542	20635.672	21965.446	23271.285	24523.932	25860.981
"Burkina Faso"	854	9121.395	10582.832	12235.929	14095.568	16205.684	18566.806	21036.622	23711.6	26596.72	29775.673	33060.965	36475.614	40241.744	44070.077	48058.724	51973.708	56160.854	60592.422
"Cabo Verde"	132	263.675	299.37	332.682	368.688	404.187	440.501	472.32	506.094	534.813	563.888	580.888	600.317	608.467	617.282	634.347	655.378	678.153	698.733
"Cote d'Ivoire"	384	11155.402	12821.1	14739.059	16802.333	19169.839	21821.49	24675.797	27697.214	30877.851	34031.928	37570.476	41303.133	45638.674	49255.812	53866.046	57867.153	61504.149	67224.581
"Gambia"	270	1005.393	1221.125	1448.755	1697.219	1976.569	2293.596	2635.254	3017.685	3421.092	3883.147	4252.941	4700.351	5124.701	5617.471	6093.238	6590.412	7006.839	7584.681
"Ghana"	288	13774.487	15650.394	17582.529	19629.733	21724.397	23954.607	26123.303	28563.392	30931.933	33544.386	36084.81	38446.689	40731.579	43555.739	45926.845	48405.536	50647.583	53605.646
"Guinea"	324	6286.353	7606.272	8920.655	10385.289	12002.147	13773.424	15662.329	17399.562	19531.859	21472.927	23839.116	26137.884	28547.988	30715.117	32744.071	35469.368	38434.451	41640.834
"Guinea-Bissau"	624	928.825	1054.071	1188.707	1329.051	1476.535	1637.464	1803.443	1977.562	2158.274	2349.209	2529.255	2724.588	2915.263	3121.311	3329.855	3537.967	3710.336	3915.98
"Liberia"	430	2233.643	2831.786	3397.59	4018.427	4655.636	5363.054	6088.095	6815.608	7747.318	8542.169	9416.903	10481.611	11127.091	12387.372	13263.053	14248.543	15222.04	16366.118
"Mali"	466	8715.004	10226.396	11954.067	13943.791	16238.981	18753.02	21641.337	24777.426	28091.294	31666.118	35257.147	39540.975	43788.217	48470.022	53154.212	58113.932	62829.278	67952.261
"Mauritania"	478	2020.783	2299.644	2602.127	2924.889	3273.312	3633.767	4034.912	4446.419	4865.894	5321.545	5788.29	6271.301	6768.081	7269.094	7802.292	8295.859	8804.406	9396.88
"Niger"	562	9869.965	12191.526	15117.553	18784.856	23329.26	28682.189	35279.193	43002.504	52024.319	61951.423	73592.557	86793.801	100994.921	117405.863	135337.963	153497.81	170390.675	189392.936
"Nigeria"	566	89413.012	102567.974	117078.604	133298.623	151400.248	171506.789	192949.172	217427.757	242628.637	269768.509	299056.511	331202.049	364220.338	399301.547	436490.899	472080.275	509060.071	553531.006
"Senegal"	686	7700.593	9015.442	10472.187	12090.784	13905.206	15963.228	18196.942	20639.818	23115.059	25732.553	28432.908	31364.487	34699.421	38200.363	41701.023	45370.308	48987.144	53130.582
"Sierra Leone"	694	3259.945	3854.239	4473.288	5056.751	5676.621	6385.284	7102.951	7885.213	8698.952	9497.896	10288.229	11067.97	11959.842	12941.232	13742.526	14690.338	15667.148	16426.634
"Togo"	768	3695.483	4355.638	5006.194	5700.236	6383.88	7102.718	7818.555	8635.658	9489.921	10418.762	11152.443	12016.793	12774.067	13656.833	14607.099	15463.655	16480.62	17350.197
"ASIA"	935	2146310.075	2258945.192	2360799.636	2454541.93	2534951.186	2605255.41	2667965.62	2719127.856	2763035.936	2790366.277	2812738.7	2830031.267	2842137.271	2849297.795	2857113.606	2866368.093	2870892.15	2870772.165
"China"	156	667071.827	683767.223	695189.404	701296.467	702456.879	700984.902	695031.926	686421.53	676955.177	663827.36	649834.888	636056.28	621600.893	610991.967	600259.086	593751.17	589883.625	583768.341
"China, Hong Kong SAR"	344	3866.342	4170.817	4434.533	4628.352	4817.757	4976.261	5136.563	5254.234	5389.545	5422.941	5497.747	5585.089	5636.504	5691.727	5673.859	5687.037	5743.087	5833.315
"China, Macao SAR"	446	304.595	360.024	410.047	457.733	486.404	515.526	519.046	520.933	509.108	505.326	498.822	499.504	491.182	493.733	475.524	471.21	468.769	475.417
"Dem. People's Republic of Korea"	408	12855.551	13286.407	13675.75	14029.069	14315.253	14542.489	14710.909	14845.902	14944.736	15041.748	15140.458	15239.848	15362.979	15470.954	15594.31	15710.781	15771.419	15809.024
"Japan"	392	65014.903	64841.339	64262.587	63591.175	62514.725	61368.69	60114.379	58960.131	58148.97	57262.38	56314.092	55243.571	54367.028	53733.313	53203.327	52913.114	52905.61	52762.734
"Mongolia"	496	1494.375	1642.952	1771.687	1892.877	2019.973	2138.393	2264.069	2383.877	2515.067	2624.7	2726.2	2823.349	2929.323	3010.037	3105.587	3200.687	3295.669	3379.794
"Republic of Korea"	410	25298.411	26146.287	26893.443	27471.723	27916.554	28101.64	28180.455	27863.92	27538.46	27166.475	26749.323	26399.955	26095.808	25715.334	25226.143	24926.111	24728.842	24412.108
"Other non-specified areas"	158	11681.169	11957.365	12142.035	12254.57	12355.145	12343.666	12188.419	11963.915	11702.737	11357.957	11067.003	10736.85	10476.056	10186.231	9941.609	9728.416	9547.418	9417.485
"Kazakhstan"	398	9113.167	10157.186	11178.187	12280.967	13432.402	14586.787	15876.647	17051.83	18253.491	19653.897	20639.076	21960.687	23326.839	25014.223	25820.424	26796.899	28018.609	29021.22
"Kyrgyzstan"	417	2999.785	3351.242	3688.281	4048.651	4424.11	4808.432	5212.91	5641.663	6069.232	6546.02	7027.564	7483.586	7944.623	8431.939	8895.972	9367.242	9666.562	10102.806
"Tajikistan"	762	4186.014	4791.202	5417.121	6021.866	6661.772	7325.382	8023.604	8791.927	9572.525	10161.697	10983.039	11693.387	12439.612	13145.257	13825.647	14557.359	15122.6	15849.19
"Turkmenistan"	795	2732.796	2978.45	3195.194	3412.001	3584.153	3762.613	3917.533	4058.066	4167.163	4293.386	4379.929	4468.326	4498.774	4529.193	4550.178	4629.011	4715.248	4688.059
"Uzbekistan"	860	15194.04	16550.179	17840.038	18997.165	20216.062	21340.416	22503.075	23551.067	24437.816	25086.115	25942.704	26747.198	27259.839	27848.638	28268.439	28789.264	29463.594	30363.598
"Afghanistan"	4	15752.858	20062.706	24389.287	28253.454	32716.359	37028.664	41462.291	44655.978	49591.068	53256.005	56344.12	58681.862	62763.041	63744.401	63887.527	65276.9	66677.2	68411.057
"Bangladesh"	50	79718.677	85971.956	91861.85	97054.04	102328.864	106711.281	110675.099	114096.11	117490.403	120661.063	123460.176	126098.442	127871.07	129405.259	129488.328	129738.546	130345.723	130246.14
"Bhutan"	64	358.546	414.675	464.064	504.044	544.079	574.471	613.859	645.704	676.968	699.668	729.876	745.996	762.462	771.169	791.266	817.863	829.541	854.558
"India"	356	631502.119	676198.558	720860.058	765722.384	807341.54	846386.426	884671.723	922507.433	954363.312	983872.447	1010929.787	1042391.673	1062863.032	1081116.875	1099924.653	1115567.733	1128852.692	1140402.745
"Iran (Islamic Republic of)"	364	39274.07	42796.637	45682.766	48230.641	50418.728	52785.487	54871.595	56622.259	58491.579	59390.169	60106.912	60228.637	60213.256	60261.726	60211.447	59980.485	60472.618	60629.43
"Maldives"	462	181.29	198.713	213.149	225.641	236.575	247.17	257.694	266.65	273.221	276.629	280.462	282.606	284.91	285.536	285.884	285.129	285.492	286.519
"Nepal"	524	14697.228	15804.577	16905.433	17968.051	18990.059	19851.001	20693.459	21521.022	22222.536	22797.431	23200.221	23425.313	23588.221	23901.604	24046.894	23970.958	24059.618	24022.744
"Pakistan"	586	91872.571	102749.442	113578.779	124556.819	135769.69	146800.611	159084.392	171302.769	183062.504	194258.416	203502.091	212847.499	223241.472	232273.437	240900.37	249390.394	256900.933	264234.596
"Sri Lanka"	144	10735.746	11123.266	11441.36	11722.818	11947.695	12113.961	12221.273	12257.698	12282.892	12211.857	12129.027	12151.725	12065.619	12047.102	11898.782	11728.05	11555.055	11473.966
"Brunei Darussalam"	96	205.161	225.092	244.805	264.989	284.359	302.623	322.595	340.077	358.716	373.911	385.521	400.073	416.409	426.27	441.701	451.725	466.575	481.875
"Cambodia"	116	7979.745	8819.35	9616.141	10444.424	11267.099	12110.02	13008.727	13928.375	14789.385	15538.384	16256.246	17010.284	17839.131	18581.407	19316.951	20011.686	20545.578	21143.681
"Indonesia"	360	127875.936	136638.157	144853.71	152603.912	160337.639	167404.584	174062.755	179805.916	185425.058	190548.566	194518.717	199014.544	202753.833	207454.514	211691.08	215652.007	218978.146	221850.789
"Lao People's Democratic Republic"	418	3416.695	3808.405	4187.96	4555.604	4899.135	5244.467	5604.749	5915.446	6181.654	6447.927	6699.211	6900.946	7119.706	7287.631	7414.785	7534.523	7523.692	7633.837
"Malaysia"	458	15305.331	16706.65	18144.318	19558.555	20906.18	22167.841	23218.462	24201.213	25340.787	26366.33	27453.882	28435.247	29185.009	30023.76	30851.067	31738.785	32746.672	33530.224
"Myanmar"	104	27562.17	28941.089	30272.686	31486.133	32567.626	33478.933	34139.365	34582.935	34976.345	35272.379	35582.742	35918.676	36075.696	36198.676	36303.619	36419.351	36574.941	36720.686
"Philippines"	608	49886.839	54438.059	58999.996	63717.285	68233.393	72915.631	77453.159	81797.96	86260.965	90580.911	94244.255	97751.882	101176.431	104698.913	108220.363	111778.117	115532.921	117624.733
"Singapore"	702	2838.705	3194.583	3560.93	3958.157	4362.624	4840.732	5301.694	5719.873	6111.106	6479.052	6918.232	7353.9	7810.755	8308.179	8706.468	9194.449	9718.688	10258.56
"Thailand"	764	34464.57	35153.147	35560.281	35778.488	35786.995	35655.041	35198.309	34466.888	33528.618	32668.637	31821.589	31072.263	30393.711	29858.572	29330.943	28770.4	28136.725	27554.058
"Timor-Leste"	626	583.192	731.448	879.817	1040.382	1208.396	1393.622	1581.847	1790.693	2002.85	2206.457	2459.198	2725.613	3031.738	3216.017	3526.089	3854.572	4072.061	4229.097
"Viet Nam"	704	47223.132	49972.224	52552.562	54737.01	56478.611	58083.803	59385.387	60617.088	61520.408	62047.436	62504.417	62439.428	62338.162	62321.468	62357.804	62525.546	62189.793	62052.124
"Armenia"	51	1618.201	1691.36	1751.625	1802.089	1844.374	1880.628	1923.621	1970.076	1993.129	2037.191	2046.764	2062.622	2032.601	2017.048	2015.32	2076.75	2133.451	2136.77
"Azerbaijan"	31	4898.422	5205.829	5428.204	5597.433	5754.042	5912.18	6047.897	6160.332	6221.988	6296.618	6385.597	6432.049	6491.798	6582.636	6672.568	6752.424	6885.402	7021.664
"Bahrain"	48	523.63	658.358	747.588	833.489	896.456	965.788	1004.227	1034.77	1074.949	1094.812	1112.834	1115.018	1139.041	1130.75	1127.246	1134.75	1120.276	1153.135
"Cyprus"	196	570.808	617.211	662.642	706.035	746.279	794.892	833.383	869.79	912.137	953.864	997.925	1032.624	1046.02	1069.411	1086.143	1130.949	1161.372	1175.777
"Georgia"	268	2091.661	2059.553	2032.935	2010.455	1991.97	1977.152	1975.322	1959.604	1949.887	1941.834	1927.057	1936.231	1940.458	1941.104	1951.765	1959.601	1973.075	2022.111
"Iraq"	368	17986.418	21224.868	24821.899	28620.676	32674.793	36973.818	41546.981	46647.363	52077.459	58383.042	64756.562	71397.783	78771.319	85857.493	94422.516	102769.591	110711.707	118973.031
"Israel"	376	4065.413	4582.78	5101.621	5662.277	6278.363	6954.982	7556.032	8253.013	8962.537	9764.781	10399.878	11209.001	12078.782	12881.796	13876.254	14437.682	15344.826	16148.521
"Jordan"	400	3705.533	4650.466	5544.156	6494.174	7421.772	8364.418	9397.114	10162.657	11228.577	12136.941	13093.454	13757.848	14381.858	15441.46	16244.395	16640.671	16683.73	17924.322
"Kuwait"	414	1705.679	2455.89	3098.455	3594.549	4004.97	4369.687	4599.271	4778.533	5004.238	5097.912	5197.35	5172.7	5280.584	5368.579	5493.209	5587.545	5637.864	5616.96
"Lebanon"	422	2912.214	3580.555	3862.036	4109.651	4477.409	4881.197	5415.813	5923.414	6441.173	6871.068	7322.319	7577.411	7769.147	8110.158	8423.62	8684.807	8821.587	8838.902
"Oman"	512	1511.914	2686.146	3910.064	5092.799	6102.083	6959.617	7650.365	8159.322	8309.559	8632.162	8882.517	9011.568	9267.657	9354.687	9218.907	9246.824	9086.678	9020.154
"Qatar"	634	611.636	1206.35	1700.873	2038.91	2407.446	2686.026	2962.39	3196.143	3440.167	3557.252	3664.897	3850.809	3975.907	4050.814	4105.929	4228.187	4300.112	4297.595
"Saudi Arabia"	682	13704.462	15986.234	18189.282	20214.292	22138.477	23802.083	25384.835	26526.67	27417.985	28184.159	29112.807	29300.618	29495.024	30116.93	30081.203	30231.885	30500.134	30704.784
"State of Palestine"	275	2301.716	2858.02	3459.148	4129.796	4773.86	5411.964	6202.552	6988.47	7837.325	8742.124	9510.759	10251.461	11280.203	11880.497	12596.782	13201.444	14154.627	14844.289
"Syrian Arab Republic"	760	9135.904	10147.179	11231.113	12291.548	13489.053	14432.476	15621.386	16727.654	17930.701	19114.986	19945.86	21033.732	22128.426	23074.725	23506.462	23476.735	23551.984	24183.242
"Turkey"	792	39991.268	43486.427	46885.203	50459.952	53823.138	56918.904	59785.581	62502.957	65476.746	67655.197	70033.864	72331.927	74638.903	76882.924	78284.253	80684.108	82143.992	83226.824
"United Arab Emirates"	784	2448.707	4639.544	6390.715	7598.809	8822.939	10123.21	11228.254	12051.369	12764.5	13092.916	13560.616	13759.668	14321.141	14846.619	15054.711	15599.106	15834.752	15708.881
"Yemen"	887	13278.933	15297.627	17371.402	19471.615	21526.735	23624.849	25569.254	27532.048	29329.569	30827.134	32260.402	33395.084	34247.236	35001.816	35578.496	35937.119	36488.134	36473.763
"EUROPE"	908	382101.84	382903.325	382464.28	381120.517	379009.588	376537.035	373466.903	370422.503	367764.15	363899.648	360512.213	357960.546	356567.695	355783.284	355939.917	357183.982	359134.741	361979.774
"Belarus"	112	5082.297	5096.116	5093.744	5059.045	5024.96	4978.799	4931.537	4889.231	4846.247	4809.715	4778.934	4735.656	4730.523	4726.877	4762.717	4776.149	4801.988	4857.743
"Bulgaria"	100	3676.381	3591.903	3496.513	3392.608	3279.446	3178.089	3093.167	2992.205	2900.061	2818.45	2753.864	2671.075	2636.037	2580.568	2559.267	2547.545	2535.429	2518.549
"Czech Republic"	203	5363.119	5412.821	5431.466	5415.124	5381.426	5341.396	5292.937	5255.313	5220.687	5183.331	5109.565	5056.706	5040.144	5019.3	5033.261	5056.692	5056.625	5056.031
"Hungary"	348	5164.158	5114.727	5049.146	4963.741	4873.573	4770.425	4673.789	4594.969	4527.88	4444.163	4351.135	4258.876	4181.839	4122.777	4071.692	4032.236	3992.041	3969.933
"Poland"	616	19938.107	19966.453	19848.228	19595.012	19206.172	18802.511	18357.649	17894.141	17412.451	16875.637	16299.768	15733.386	15155.898	14597.083	14091.166	13737.721	13429.955	13209.692
"Republic of Moldova"	498	2113.038	2139.545	2154.101	2158.568	2144.431	2127.058	2102.292	2078.401	2061.841	2033.108	2019.964	1965.336	1933.023	1908.162	1882.44	1860.511	1811.367	1809.914
"Romania"	642	10060.347	9792.222	9513.542	9259.602	8997.283	8740.815	8493.487	8238.867	8045.278	7814.371	7514.09	7312.649	7119.724	7037.537	6952.166	6877.963	6836.688	6741.559
"Russian Federation"	643	76812.871	77036.158	76957.841	76589.589	76256.71	75996.616	76074.82	76021.6	76161.322	76379.393	76406.751	76776.279	77477.362	78290.432	79869.039	81015.868	82233.443	83791.779
"Slovakia"	703	2796.123	2815.914	2816.143	2796.613	2754.957	2703.315	2646.163	2593.321	2534.39	2468.036	2401.006	2326.937	2259.192	2201.183	2135.879	2092.703	2060.688	2030.718
"Ukraine"	804	24064.369	23690.611	23247.299	22746.548	22170.653	21627.949	21076.986	20640.057	20172.781	19749.939	19300.984	18947.253	18638.844	18463.373	18388.232	18286.385	18176.609	18165.462
"Channel Islands"	830	82.567	85.638	88.512	91.166	93.894	96.424	98.527	100.596	103.001	104.855	107.562	109.356	112.787	115.613	119.613	123.883	128.059	131.679
"Denmark"	208	2855.152	2939.148	3033.434	3130.288	3219.453	3301.71	3384.522	3462.821	3544.176	3614.332	3723.215	3829.808	3948.874	4077.216	4178.23	4286.916	4428.221	4537.673
"Estonia"	233	698.24	712.057	717.763	720.445	721.684	725.788	729.958	728.353	729.423	721.517	717.812	716.839	724.245	721.606	712.885	717.664	721.211	729.25
"Finland"	246	2794.418	2875.516	2949.905	3014.967	3069.934	3108.806	3152.426	3197.158	3237.505	3293.819	3353.604	3413.039	3487.663	3574.35	3621.389	3684.489	3783.607	3840.907
"Iceland"	352	164.405	172.29	179.535	186.368	193.033	198.838	203.99	209.471	213.822	216.796	219.963	223.99	226.664	231.874	233.156	237.255	238.485	242.095
"Ireland"	372	2348.368	2474.782	2577.407	2709.328	2820.081	2961.637	3095.248	3235.81	3335.038	3419.062	3523.134	3610.26	3693.231	3785.18	3910.763	4004.197	4277.792	4333.203
"Latvia"	428	1066.513	1037.005	1016.101	988.565	970.111	953.456	936.036	923.487	917.053	903.6	902.215	891.752	886.478	888.628	911.489	940.34	952.743	953.021
"Lithuania"	440	1553.165	1477.171	1413.772	1355.201	1298.398	1255.556	1214.02	1170.086	1143.476	1111.595	1083.066	1062.439	1062.571	1052.337	1040.786	1045.233	1051.592	1043.775
"Norway"	578	2586.163	2782.7	3002.998	3235.823	3492.219	3770.425	4060.729	4367.504	4714.042	5073.129	5493.005	5935.461	6487.18	7045.998	7631.581	8221.067	8896.055	9547.974
"Sweden"	752	4892.609	5141.862	5391.989	5639.995	5871.423	6120.407	6398.699	6664.492	6920.162	7201.328	7459.013	7735.091	7956.493	8307.057	8604.428	8906.733	9293.278	9638.939
"United Kingdom"	826	32817.216	33984.977	35131.593	36267.668	37298.771	38306.297	39430.238	40433.993	41418.362	42384.023	43372.677	44485.521	45481.209	46649.182	47992.972	48886.962	49742.841	50927.934
"Albania"	8	1459.859	1561.799	1653.566	1739.833	1830.936	1904.03	1960.881	2033.016	2092.47	2157.137	2207.888	2247.537	2354.446	2370.131	2352.323	2393.826	2415.92	2467.854
"Bosnia and Herzegovina"	70	1913.965	1994.427	2039.668	2051.376	2046.621	2046.485	2047.892	1994.929	1969.474	1904.343	1844.666	1812.695	1768.622	1744.429	1705.548	1693.093	1650.219	1615.311
"Croatia"	191	2195.067	2184.442	2154.379	2120.022	2097.51	2058.949	2020	1992.982	1965.717	1923.17	1902.793	1860.096	1818.248	1787.901	1767.051	1742.233	1720.016	1705.091
"Greece"	300	5609.448	5620.389	5604.294	5585.174	5562.855	5571.521	5573.63	5521.733	5474.829	5369.568	5292.328	5230.145	5188.583	5148.195	5079.052	5044.341	5041.765	5074.709
"Italy"	380	30727.975	30909.024	31035.583	31129.241	31245.423	31377.123	31477.892	31418.206	31337.371	31399.933	31322.53	31167.912	31196.714	31368.998	31647.083	31813.559	32362.476	33025.476
"Malta"	470	210.174	216.051	222.284	229.085	235.426	241.018	244.482	250.376	254.955	264.048	270.031	277.408	285.826	292.495	302.572	305.97	314.103	321.257
"Montenegro"	499	316.57	328.122	331.189	333.212	332.46	331.095	328.188	324.494	317.632	313.284	311.117	305.875	302.517	298.066	294.094	285.9	280.418	276.671
"Portugal"	620	5449.264	5410.938	5430.583	5450.7	5443.054	5422.21	5388.798	5320.315	5250.307	5155.181	5065.757	4918.887	4851.7	4771.197	4671.172	4639.391	4620.263	4592.684
"Serbia"	688	4531.328	4543.679	4529.683	4488.205	4441.445	4362.995	4286.37	4188.962	4137.802	4071.846	4014.149	3940.643	3872.09	3802.995	3767.298	3714.987	3699.135	3626.854
"Slovenia"	705	1042.698	1062.43	1078.355	1091.207	1101.04	1111.57	1120.034	1126.297	1128.183	1130.757	1140.218	1143.079	1148.316	1170.944	1189.119	1210.741	1234.603	1255.617
"Spain"	724	23498.098	23910.623	24149.85	24399.235	24831.228	25243.717	25557.407	25909.763	26029.593	25948.598	25691.775	25403.49	25259.498	25320.223	25418.725	25520.105	25703.441	26109.845
"TFYR Macedonia"	807	1043.803	1072.604	1093.534	1108.688	1118.083	1121.935	1120.506	1117.645	1097.621	1089.208	1076.189	1058.99	1043.119	1029.431	1000.295	971.592	969.21	948.225
"Austria"	40	4348.265	4458.354	4559.748	4675.46	4774.587	4859.952	4920.1	5002.167	5048.102	5079.759	5133.256	5183.522	5238.294	5316.718	5408.887	5499.192	5622.949	5757.133
"Belgium"	56	5740.091	5905.483	6126.166	6358.147	6610.866	6871.794	7146.935	7423.722	7702.479	7990.662	8308.113	8648.485	9068.735	9463.56	9940.818	10415.811	10785.194	11268.095
"France"	250	33053.692	34122.528	35145.057	36321.331	37467.433	38499.963	39520.3	40357.214	41149.741	42042.66	43438.686	44708.855	45890.136	47398.481	48992.577	50476.178	51471.738	52918.522
"Germany"	276	41035.821	41519.477	41877.887	42083.858	42282.206	42321.713	42375.076	42201.831	41863.057	41542.969	41089.659	41176.846	41066.184	41112.034	41198.353	41530.678	41882.281	42352.972
"Luxembourg"	442	282.495	321.186	366.45	424.397	491.755	563.591	639.443	721.22	814.616	914.333	1036.227	1159.488	1313.034	1469.927	1658.579	1874.094	2108.293	2355.591
"Netherlands"	528	8524.303	8716.261	8901.909	9085.686	9257.071	9386.543	9503.54	9596.544	9719.635	9842.951	10006.1	10205.225	10436.968	10696.778	10916.463	11140.823	11397.492	11637.571
"Switzerland"	756	4189.298	4495.742	4823.184	5152.021	5489.418	5829.404	6132.296	6416.073	6691.216	7016.489	7304.353	7677.269	7955.463	8285.543	8600.278	8895.177	9211.267	9531.251
"LATIN AMERICA AND THE CARIBBEAN"	904	320707.421	338698.875	355349.002	370172.873	383181.355	394793.234	404234.001	411703.954	417991.38	421549.354	424151.207	425929.843	425744.354	424379.083	422506.245	419815.894	416748.522	413722.562
"Antigua and Barbuda"	28	47.929	53.597	58.282	63.053	68.902	72.496	77.547	80.833	84.01	87.402	88.716	95.195	96.77	98.351	102.712	107.011	107.827	113.218
"Aruba"	533	54.514	62.788	69.316	74.454	78.203	81.433	84.308	85.737	85.397	87.951	88.559	88.462	90.933	92.251	91.479	90.429	90.708	92.725
"Bahamas"	44	198.062	220.425	243.512	267.534	291.543	316.546	340.981	362.378	383.41	403.042	413.062	432.806	449.18	481.05	489.744	507.075	517.564	538.396
"Barbados"	52	148.039	152.471	157.139	162.338	168.67	174.671	178.876	183.947	187.854	194.721	200.02	205.811	214.053	221.222	227.484	238.296	248.603	255.256
"Cuba"	192	5667.62	5738.606	5763.071	5752.157	5706.661	5600.504	5481.833	5318.804	5150.346	4966.275	4764.12	4547.087	4365.93	4231.483	4116.364	3979.84	3889.439	3770.371
"Curacao"	531	84.69	94.088	103.903	113.192	122.985	130.723	140.637	150.528	158.503	166.852	173.629	181.027	188.684	202.816	207.363	218.238	223.964	232.402
"Dominican Republic"	214	5282.291	5640.298	5977.759	6280.195	6571.597	6825.624	7049.093	7252.656	7402.819	7539.198	7660.102	7739.494	7798.482	7830.418	7826.184	7820.541	7766.646	7711.133
"Grenada"	308	53.241	59.64	66.076	73.13	80.523	87.952	94.321	99.915	106.847	110.722	114.604	122.292	125.847	129.457	127.838	130.132	136.345	141.185
"Guadeloupe"	312	251.8	259.945	265.755	274.499	286.373	298.839	311.843	321.817	330.494	343.04	354.666	371.209	392.072	408.413	425.011	450.399	477.179	511.28
"Haiti"	332	5413.645	5833.969	6245.918	6647.678	7035.172	7403.863	7770.284	8102.929	8399.456	8725.371	8971.665	9161.668	9380.986	9600.947	9760.118	9835.896	9964.8	10027.087
"Jamaica"	388	1402.296	1483.537	1568.24	1657.374	1744.018	1843.057	1928.49	2026.388	2146.186	2242.886	2347.885	2430.57	2541.361	2667.819	2713.273	2795.126	2937.935	3057.002
"Martinique"	474	214.847	220.029	224.244	229.353	233.54	235.639	237.144	238.557	235.995	237.187	239.183	237.334	240.695	243.479	246.826	249.32	250.737	253.291
"Puerto Rico"	630	1912.66	1951.754	1984.1	2010.405	2019.059	2030.563	2033.271	2020.997	2006.134	1991.916	1961.932	1928.959	1898.789	1882.335	1852.343	1823.119	1805.656	1760.108
"Saint Lucia"	662	94.24	100.545	107.18	113.636	121.01	127.855	133.6	139.403	144.748	150.197	157.782	162.55	167.529	174.062	180.606	183.087	187.269	189.16
"Saint Vincent and the Grenadines"	670	54.23	55.355	56.326	57.299	58.433	59.586	60.185	60.828	61.859	63.253	63.799	64.593	64.969	66.376	67.958	68.635	71.201	73.412
"Trinidad and Tobago"	780	689.003	717.638	742.356	761.698	780.178	795.779	807.756	807.252	811.353	813.632	819.648	823.37	828.897	819.494	820.64	814.526	821.456	833.337
"United States Virgin Islands"	850	55.657	64.302	70.428	77.409	80.833	87.122	92.552	93.805	96.639	101.209	105.28	109.436	112.789	115.748	119.995	122.412	126.457	132.359
"Belize"	84	180.183	208.721	239.57	270.625	301.861	331.309	363.606	391.838	427.826	461.256	482.021	519.551	536.476	549.106	548.784	567.306	559.28	567.625
"Costa Rica"	188	2402.305	2558.771	2708.903	2854.252	2986.693	3100.218	3207.695	3311.705	3391.055	3460.343	3534.775	3608.236	3661.462	3690.723	3730.912	3789.862	3832.414	3845.783
"El Salvador"	222	3251.342	3360.158	3452.702	3535.631	3584.545	3634.538	3685.174	3712.53	3724.902	3734.167	3742.919	3687.913	3664.999	3627.661	3600.537	3563.976	3522.836	3422.113
"Guatemala"	320	8349.629	9320.453	10324.531	11371.199	12416.736	13499.653	14576.599	15666.319	16738.661	17808.471	18869.79	19986.448	21084.004	21806.651	22851.027	23668.801	24460.225	25283.719
"Honduras"	340	4039.098	4389.593	4731.958	5050.501	5338.446	5606.794	5852.1	6074.912	6267.373	6442.194	6518.177	6560.24	6586.945	6550.598	6533.375	6496.577	6444.688	6381.606
"Mexico"	484	63835.777	68493.677	72855.018	76873.382	80537.3	83752.446	86621.143	88895.275	91092.764	92448.029	93553.899	94710.913	95399.134	94525.038	95089.232	95037.919	95334.178	95459.372
"Nicaragua"	558	3084.059	3282.659	3467.926	3631.36	3788.742	3923.836	4028.851	4135.635	4213.763	4270.388	4301.467	4333.349	4327.732	4301.205	4286.851	4287.063	4216.427	4163.367
"Panama"	591	1959.401	2135.587	2308.658	2482.166	2656.907	2824.222	2994.025	3149.252	3305.829	3447.08	3595.344	3730.788	3863.51	4011.204	4142.757	4259.618	4402.159	4494.016
"Argentina"	32	22172.053	23517.807	24868.512	26157.054	27373.24	28656.651	29959.772	31101.688	32231.542	33434.311	34504.858	35645.49	36615.293	37669.245	38552.43	39534.855	40355.635	41129.739
"Bolivia (Plurinational State of)"	68	5353.99	5829.796	6318.896	6818.973	7310.552	7795.668	8305.588	8823.319	9307.718	9798.294	10252.336	10751.427	11175.067	11613.395	11922.6	12258.437	12520.362	12809.68
"Brazil"	76	105646.79	110933.495	115826.372	120355.821	124419.024	127718.031	130475.557	132669.155	134265.41	135873.254	136687.544	137220.699	137079.234	136893.07	136708.849	136525.955	136774.196	136348.209
"Chile"	152	9093.072	9612.899	10130.638	10627.081	11078.244	11524.609	11904.283	12267.501	12614.652	12863.705	13119.994	13372.061	13610.132	13887.493	14098.963	14366.358	14662.107	14880.236
"Colombia"	170	24485.169	25774.037	26956.308	27988.216	28938.702	29686.649	30257.892	30742.928	31011.59	31389.277	31503.415	31727.253	31804.041	31737.253	31574.05	31429.84	31471.201	31374.673
"Ecuador"	218	8073.299	8760.966	9440.435	10101.44	10737.088	11359.569	11932.985	12474.274	12968.02	13447.816	13880.263	14261.885	14639.815	14951.329	15214.241	15572.94	15811.275	16074.092
"French Guiana"	254	134.37	163.04	196.379	237.994	287.272	338.794	391.953	445.577	504.72	553.486	621.995	670.165	717.299	795.962	859.071	978.02	1009.049	1052.568
"Guyana"	328	381.586	415.848	457.59	507.116	547.313	602.268	662.198	721.637	794.996	866.097	954.552	1066.743	1148.148	1194.494	1277.508	1352.656	1425.42	1501.002
"Paraguay"	600	3269.997	3533.359	3795.181	4054.041	4292.348	4528.373	4747.518	4953.656	5156.694	5328.548	5472.562	5623.098	5748.816	5851.033	5915.89	5994.205	6032.6	6071.297
"Peru"	604	15703.562	16832.885	17906.371	18951.237	19869.121	20764.533	21588.62	22347.826	23041.588	23675.531	24161.498	24618.181	24948.995	25157.605	25357.279	25441.674	25499.769	25437.31
"Suriname"	740	270.937	297.551	325.723	359.235	388.98	420.903	454.165	489.177	513.943	545.503	567.372	595.313	614.486	641.987	665.823	685.306	701.147	741.385
"Uruguay"	858	1775.156	1827.786	1870.932	1907.048	1937.66	1965.163	1988.046	2011.527	2027.32	2036.343	2033.897	2039.511	2042.059	2033.267	2040.161	2029.161	2030.461	2013.929
"Venezuela (Bolivarian Republic of)"	862	15620.882	16862.318	18034.348	19139.02	20231.212	21261.812	22201.422	23043.55	23790.989	24479.58	25152.715	25705.315	26270.327	26705.69	26987.854	27382.7	27776.298	27857.461
"NORTHERN AMERICA"	905	180393.518	188515.341	196668.229	204803.858	212443.534	219298.385	226071.352	232174.342	239898.297	247459.966	254643.825	264054.464	273358.936	282219.797	290834.326	302280.82	313535.531	325089.236
"Canada"	124	18113.659	19209.794	20195.868	21159.009	21953.769	22852.732	23624.008	24321.939	25194.89	26021.682	26945.913	27893.23	29023.883	30161.486	31185.917	32029.298	33149.619	34533.714
"United States of America"	840	162279.859	169601.153	177191.221	184708.842	191873.493	198316.457	204446.339	210097.148	217114.695	224951	232347.197	240561.31	248923.599	257460.849	267493.32	277126.895	287285.266	297212.743
"OCEANIA"	909	19504.414	21226.524	22926.934	24581.653	26270.185	27986.951	29684.311	31452.685	33240.018	34888.356	36649.008	38648.379	40044.248	42038.143	44210.082	46346.658	48674.347	50455.851
"Australia"	36	11993.038	13149.018	14282.417	15470.259	16541.208	17653.703	18963.902	20116.74	21356.66	22675.563	23909.54	25399.797	27032.773	28056.887	30261.29	31975.169	33795.462	35359.744
"New Zealand"	554	2315.403	2462.004	2579.474	2700.422	2806.739	2900.416	2981.006	3067.777	3137.884	3206.891	3285.98	3340.7	3427.446	3479.38	3569.69	3632.899	3692.541	3764.536
"Fiji"	242	438.518	473.034	508.215	540.86	578.321	612.629	647.643	675.815	710.504	732.768	755.673	768.351	799.635	832.489	848.561	873.808	890.337	926.873
"New Caledonia"	540	130.393	142.827	153.717	164.362	174.445	184.334	193.761	203.297	212.275	222.009	229.603	238.601	247.605	258.671	270.215	279.913	290.093	299.466
"Papua New Guinea"	598	3732.533	4166.352	4623.535	5093.734	5592.811	6095.153	6602.465	7108.575	7625.899	8160.111	8714.459	9234.959	9840.764	10348.131	10935.549	11446.539	11911.741	12411.95
"Solomon Islands"	90	287.268	319.785	354.798	392.474	433.12	475.434	518.721	560.377	603.714	648.04	696.434	741.183	791.069	840.683	888.577	936.698	973.85	1029.173
"Vanuatu"	548	130.597	147.772	164.604	182.783	202.069	222.06	241.158	261.803	283.471	306.638	327.04	348.777	371.987	394.82	417.37	435.821	454.741	474.22
"Guam"	316	83.732	91.557	99.675	108.137	115.363	122.711	129.627	136.23	143.521	148.794	156.625	163.234	168.789	172.901	176.533	181.569	184.724	188.538
"Kiribati"	296	56.999	63.689	70.637	77.34	84.053	91.109	98.271	106.904	114.62	123.179	130.84	138.333	145.969	153.546	162.783	169.871	175.369	182.112
"Micronesia (Fed. States of)"	583	50.95	57.126	64.966	72.913	82.038	90.955	98.657	109.439	121.686	132.942	143.421	150.39	159.743	169.63	177.637	181.605	186.985	198.486
"French Polynesia"	258	138.468	150.865	162.339	173.774	183.78	194.247	204.128	210.544	218.138	227.875	234.285	243.302	249.518	255.423	263.669	268.792	278.836	288.893
"Samoa"	882	93.584	100.255	108.027	118.674	130.214	144.267	159.128	173.708	192.004	213.373	233.219	260.948	282.686	309.905	335.706	354.067	376.609	399.161
"Tonga"	776	52.931	56.66	61.549	68.363	75.907	85.092	94.876	105.469	119.45	131.364	148.874	168.856	186.969	203.728	222.994	237.431	252.489	269.38
