"name"	"country_code"	"2015"	"2020"	"2025"	"2030"	"2035"	"2040"	"2045"	"2050"	"2055"	"2060"	"2065"	"2070"	"2075"	"2080"	"2085"	"2090"	"2095"	"2100"
"WORLD"	900	3641738.973	3860412.731	4074497.531	4276624.566	4472121.556	4662798.078	4838855.229	5018776.776	5186596.178	5350262.58	5505170.116	5652055.31	5799050.073	5948439.389	6116802.693	6243128.823	6386398.701	6549257.024
"AFRICA"	903	592721.705	673459.061	760707.63	854022.994	954225.804	1064292.045	1178657.075	1301582.996	1429183.339	1565556.48	1704496.531	1854801.355	2004205.59	2158583.602	2298438.816	2450366.897	2602002.204	2778517.687
"Burundi"	108	5654.689	6910.408	8308.519	9884.487	11656.204	13665.957	16347.584	18829.306	22002.008	25276.16	29620.542	34726.503	39586.521	45000.99	51025.503	57274.327	62865.35	69799.023
"Comoros"	174	390.774	458.857	523.884	597.78	676.631	763.655	852.616	941.498	1043.718	1144.774	1239.18	1351.024	1484.873	1620.816	1768.883	1916.879	2072.918	2198.412
"Djibouti"	262	442.019	603.121	753.936	864.819	999.183	1107.154	1222.714	1329.533	1440.56	1577.104	1669.234	1839.074	1931.91	1934.775	2037.754	2251.084	2230.81	2378.374
"Eritrea"	232	2608.948	3149.182	3745.93	4359.672	5142.442	5948.937	6681.269	7517.349	8352.463	9554.447	10541.755	11702.014	12811.328	13626.459	14746.468	16184.523	16978.442	18370.104
"Ethiopia"	231	49783.139	58269.78	67373.667	78074.395	88664.594	99180.698	109641.1	121761.668	134715.524	147063.239	162788.592	175165.139	188626.36	203876.14	216266.443	231196.608	245924.007	259890.912
"Kenya"	404	23033.365	26498.245	30118.923	34073.852	38269.611	42800.108	47491.581	52599.857	57709.862	63010.401	68771.762	74998.345	81032.481	86583.272	91898.473	97736.858	103745.536	109425.437
"Madagascar"	450	12152.929	14199.704	16541.514	19157.986	22174.886	25464.021	29197.024	33279.85	37986.461	43349.378	48696.693	54917.15	61740.646	69133.879	76797.138	84905.578	93130.493	102167.766
"Malawi"	454	8622.171	10843.951	13324.471	16207.907	19197.218	22799.359	26243.885	30081.185	34940.044	39603.142	45578.742	52027.861	58580.825	65861.053	73252.641	79179.171	88070.039	95717.168
"Mauritius"	480	644.371	671.287	695.541	718.367	737.766	750.228	765.179	776.941	783.145	799.984	804.385	812.934	831.191	824.878	825.779	827.228	850.274	866.234
"Mayotte"	175	122.137	149.823	180.455	217.509	262.376	308.544	359.614	422.873	479.571	533.388	593.195	689.768	767.187	829.774	878.036	962.164	1070.431	1149.882
"Mozambique"	508	14311.663	16833.945	19641.537	22802.31	26483.298	30552.89	35107.231	40979.376	46503.4	52839.441	59909.421	67336.269	74939.54	83760.055	92510.187	102625.186	113230.221	124120.677
"Reunion"	638	444.386	482.589	516.184	553.762	597.758	636.824	672.607	710.972	741.219	779.38	814.805	874.389	932.813	982.759	1035.253	1072.897	1091.796	1171.75
"Rwanda"	646	6050.1	7521.21	8985.059	10500.867	11992.798	13854.57	15147.942	17083.315	18641.696	19943.624	21311.826	23428.967	24352.533	26306.066	27624.12	29311.988	30490.997	31822.589
"Seychelles"	690	47.605	51.712	55.763	58.739	62.767	67.078	71.283	75.192	79.823	80.991	85.027	87.875	90.173	93.197	96.445	101.33	101.775	104.413
"Somalia"	706	5419.167	8062.912	10306.333	12507.677	15531.509	18998.345	21719.212	26296.131	30128.924	35753.414	41033.472	48046.868	52916.838	60462.88	67934.311	74210.984	85264.919	97534.38
"South Sudan"	728	6160.58	8268.209	10498.363	12792.586	15244.299	17617.913	20594.494	23944.47	27476.633	31901.538	35881.9	39272.508	44262.644	49092.324	53717.742	58829.567	64211.085	70166.61
"Uganda"	800	19525.205	23424.365	27831.32	32931.257	38628.888	45208.303	52161.329	60215.169	69130.946	79916.032	91748.285	103950.834	116052.783	129306.544	143649.612	158079.912	172771.59	190375.12
"United Republic of Tanzania"	834	26896.189	32032.759	38033.706	44870.241	53211.134	62544.57	73138.969	85093.749	98882.246	114234.924	132058.612	151289.926	171748.516	194172.767	218121.821	243292.394	270308.332	301385.877
"Zambia"	894	8118.12	9561.307	11224.639	13133.226	15202.512	17611.002	20360.576	23486.911	26900.154	30463.774	34636.731	39306.278	44589.36	49622.815	55558.727	61951.547	68137.193	74928.494
"Zimbabwe"	716	7915.194	9026.658	10112.848	11268.486	12475.528	13793.586	15090.778	16553.666	18063.726	19769.66	21264.719	22674.047	24099.694	25664.713	27003.777	28566.694	30103.958	31430.907
"Angola"	24	12605.782	15270.467	18448.27	22058.114	25953.477	30787.669	36036.913	42784.922	49479.158	57426.67	65543.063	75252.212	85798.039	96265.331	107956.647	119694.366	133905.641	150832.67
"Cameroon"	120	11671.895	13341.351	15152.141	17077.108	19191.903	21427.932	23835.502	26355.651	29016.129	31760.87	34897.673	37768.464	40725.694	43557.767	46700.962	49602.93	52366.509	54840.234
"Central African Republic"	140	2484.856	2792.723	3090.888	3396.247	3705.427	4008.149	4317.396	4640.396	4941.454	5250.382	5435.539	5732.845	5999.244	6257.231	6501.195	6671.042	6826.644	6952.862
"Chad"	148	7009.901	8436.346	10134.23	12067.327	14150.512	16545.507	19343.473	22552.623	26332.837	30229.173	34521.653	39387.896	44470.171	50300.015	56399.643	62817.844	68483.986	73862.524
"Congo"	178	2309.21	2685.382	3100.766	3566.692	4078.388	4640.944	5267.829	5956.61	6725.278	7589.138	8563.572	9484	10601.831	11712.202	12872.623	14120.245	15356.867	16660.847
"Democratic Republic of the Congo"	180	38733.679	46581.731	55844.234	66373.771	77910.644	91865.561	106962.898	124458.847	144305.93	163160.418	186415.002	213831.248	243749.293	278452.414	318490.661	353972.249	395993.052	433874.973
"Equatorial Guinea"	226	411.954	563.477	708.209	842.756	977.728	1126.467	1303.161	1473.993	1668.685	1857.177	2095.097	2355.584	2546.258	2757.804	3077.559	3325.755	3515.078	3875.647
"Gabon"	266	852.86	963.047	1079.96	1201.883	1326.077	1463.243	1611.262	1755.249	1901.281	2053.375	2213.88	2392.369	2545.932	2695.804	2854.428	2995.769	3112.515	3306.874
"Sao Tome and Principe"	678	95.585	115.958	137.689	168.447	196.964	224.854	264.049	308.079	348.522	402.167	448.574	500.324	533.76	559.396	583.04	623.125	678.434	739.573
"Algeria"	12	19708.915	21805.193	23700.098	25548.087	27199.538	29039.018	31076.806	32920.104	34749.938	36514.046	38226.624	39856.855	41710.11	42824.354	44253.132	45524.881	46453.197	48324.299
"Egypt"	818	45267.664	50643.171	55984.788	61536.393	67431.453	74075.04	80993.666	88506.965	95873.869	103202.031	112352.779	121372.977	129436.928	137688.516	148251.961	156290.023	166781.796	176277.899
"Libya"	434	3121.693	3370.612	3605.569	3831.426	4068.534	4325.095	4599.211	4868.076	5101.858	5252.224	5452.597	5647.037	5846.862	6116.795	6364.084	6372.124	6529.604	6807.28
"Morocco"	504	17388.247	18777.12	20043.257	21253.996	22536.149	23685.068	24843.188	25747.505	26751.096	27598.765	28559.821	29282.996	30356.28	30821.569	31299.697	31791.872	31999.309	32476.532
"Sudan"	729	20037.863	23686.313	27548.062	31641.956	35982.878	40654.019	45614.192	50954.907	57406.421	64123.702	69893.749	75682.045	83748.024	90638.086	98676.887	106758.779	116135.417	124306.984
"Tunisia"	788	5692.469	6183.984	6648.843	7111.026	7457.988	7880.972	8281.565	8574.351	8932.533	9215.066	9625.168	9904.529	10178.087	10282.37	10637.09	10954.986	11163.554	11976.409
"Western Sahara"	732	272.5	319.724	352.58	391.669	459.665	494.92	551.533	588.365	635.309	653.87	690.649	727.435	762.808	812.315	825.574	854.023	878.266	921.273
"Botswana"	72	1132.076	1269.283	1411.284	1556.854	1690.068	1830.974	1977.819	2133.782	2286.603	2443.992	2616.083	2774.048	2930.313	3059.192	3162.481	3318.174	3566.22	3773.779
"Lesotho"	426	1078.247	1167.876	1264.601	1361.643	1471.688	1589.831	1719.478	1858.082	1981.042	2147.037	2317.531	2526.036	2673.133	2886.497	3030.509	3229.157	3405.261	3588.622
"Namibia"	516	1262.042	1452.123	1653.909	1863.767	2083.553	2324.054	2566.268	2798.956	2992.8	3202.077	3459.346	3665.958	3881.812	4050.385	4274.58	4518.025	4747.579	4945.74
"South Africa"	710	27693.15	29831.836	31847.005	33744.71	35682.29	37811.032	39725.602	41155.331	43236.428	44615.51	46525.415	48002.961	49844.429	51505.325	53222.143	54440.422	55087.995	57265.569
"Swaziland"	748	650.528	711.176	769.454	825.855	883.503	943.395	1011.622	1082.257	1155.591	1230.849	1313.52	1387.117	1469.936	1559.203	1623.712	1695.02	1742.815	1831.685
"Benin"	204	5453.88	6322.868	7274.103	8324.938	9427.04	10647.268	12034.212	13351.047	14895.333	16508.852	18202.333	20014.778	21674.62	23456.213	25384.95	27343.61	29542.847	31800.152
"Burkina Faso"	854	9121.395	10659.404	12448.597	14474.419	16781.389	19340.969	22302.115	25609.545	29232.541	33387.753	37666.38	42514.502	47642.158	53170.366	59512.133	64722.443	70015.369	77110.106
"Cabo Verde"	132	263.675	311.857	362.857	410.947	471.196	535.224	583.703	640.74	715.15	767.949	820.96	865.998	926.89	968.672	1073.888	1136.986	1113.973	1159.423
"Cote d'Ivoire"	384	11155.402	12943.692	15022.947	17392.566	20132.544	23172.245	26489.034	30554.601	34990.713	39963.433	44953.812	50740.465	55130.991	61676.414	68471.652	77437.208	85325.493	92768.707
"Gambia"	270	1005.393	1241.538	1491.206	1767.705	2087.043	2433.274	2842.584	3330.297	3819.084	4375.374	5020.906	5688.469	6571.569	7184.067	8378.366	9326.333	10009.57	10473.54
"Ghana"	288	13774.487	15877.198	18072.118	20300.242	22928.789	25438.839	28423.128	31512.959	34250.876	37371.414	40927.628	44608.784	49045.262	52451.314	56442.784	59928.766	64179.771	68247.151
"Guinea"	324	6286.353	7860.858	9535.129	11429.606	13504.863	15895.174	18432.123	21283.726	23700.626	26485.412	29041.465	32680.071	35506.9	38934.203	42236.965	47731.834	52309.335	55295.786
"Guinea-Bissau"	624	928.825	1064.184	1211.009	1369.429	1548.161	1748.84	1955.135	2209.574	2438.784	2690.062	3008.818	3316.664	3625.219	3972.2	4274.582	4623.882	4954.009	5281.139
"Liberia"	430	2233.643	3011.1	3775.401	4516.472	5427.122	6235.922	7226.247	8200.754	9468.215	10896.166	12227.842	13398.105	14909.15	16107.544	17709.708	19752.491	22294.14	24392.807
"Mali"	466	8715.004	10320.86	12243.247	14495.656	17162.314	20184.556	23821.229	27800.672	31631.005	36160.194	41794.782	47272.343	53372.821	58936.635	65956.451	71759.698	80061.853	88271.699
"Mauritania"	478	2020.783	2315.09	2634.986	2990.19	3371.549	3806.312	4230.52	4708.314	5204.018	5730.074	6329.129	7026.441	7691.265	8443.226	9266.826	10068.369	10876.93	11574.115
"Niger"	562	9869.965	12258.208	15339.006	19217.828	23957.409	29936.03	37333.055	46593.617	57354.567	70381.206	85843.339	104048.71	124547.105	147525.437	174208.856	204459.302	239694.63	277236.672
"Nigeria"	566	89413.012	103217.886	118386.899	135931.627	155899.775	177825.763	201543.368	229100.435	260353.594	291848.307	328120.643	370671.749	413686.812	460448.898	511640.09	570504.322	632700.104	688072.668
"Senegal"	686	7700.593	9092.449	10618.88	12446.668	14401.759	16633.382	19020.504	21767.401	24897.773	28144.175	31762.234	35592.872	40037.897	44222.2	49442.598	55354.952	60063.435	66854.026
"Sierra Leone"	694	3259.945	3993.103	4734.618	5491.907	6514.122	7551.498	8513.554	9358.787	10508.232	11763.683	12855.894	14448.695	16075.465	17775.771	19777.361	20716.794	21932.001	23258.6
"Togo"	768	3695.483	4466.363	5224.853	6063.008	6996.107	7868.584	8909.548	9895.977	10936.436	11999.18	13140.521	14493.859	15518.963	16834.429	18102.332	19614.237	21164.108	22684.675
"ASIA"	935	2146310.075	2264438.268	2372743.901	2474738.542	2565128.279	2642477.07	2713944.656	2784874.29	2835939.809	2888528.91	2938422.94	2970906.059	3006447.171	3034901.767	3068210.422	3103544.925	3131502.164	3150357.483
"China"	156	667071.827	686034.963	700873.808	711283.827	715729.663	716566.778	715734.275	714264.959	708417.046	700680.502	692086.366	683661.44	676056.238	669713.456	669906.892	668064.061	669676.829	672371.196
"China, Hong Kong SAR"	344	3866.342	4289.713	4683.935	5032.852	5338.546	5717.041	6053.925	6299.953	6387.952	6742.362	7191.053	7154.478	7443.699	7585.55	7644.596	8004.294	8358.86	8854.426
"China, Macao SAR"	446	304.595	382.288	452.764	495.244	529.304	569.547	562.968	564.729	564.235	558.886	558.663	554.399	552.505	553.667	555.15	547.52	537.898	539.299
"Dem. People's Republic of Korea"	408	12855.551	13355.732	13806.666	14220.52	14561.942	14821.273	15059.45	15284.783	15485.696	15730.962	15986.682	16237.949	16459.256	16719.511	16964.409	17111.382	17422.792	17676.598
"Japan"	392	65014.903	65154.561	64930.966	64468.439	63976.925	63098.319	62151.325	61570.741	61033.677	60550.803	60126.413	59701.958	59260.751	59334.994	60045.733	60341.026	61230.563	61074.582
"Mongolia"	496	1494.375	1660.041	1821.548	1966.65	2131.988	2306.483	2454.349	2642.017	2868.239	3029.806	3146.111	3340.648	3585.375	3783.249	3984.37	4154.512	4266.322	4495.579
"Republic of Korea"	410	25298.411	26411.948	27332.123	28280.198	29245.824	29724.148	30120.581	30137.852	30292.975	30599.804	30406.513	30413.921	30203.767	30185.262	30174.937	30429.566	30884.54	31565.575
"Other non-specified areas"	158	11681.169	12097.323	12425.551	12762.094	12998.22	13099.494	13102.038	13027.247	12807.702	12744.853	12660.931	12401.942	12406.269	12325.213	12279.709	12345.092	12016.502	11848.546
"Kazakhstan"	398	9113.167	10372.005	11821.527	13303.591	15068.737	17208.129	19473.298	21359.742	23915.015	26121.349	27906.67	30557.468	33326.18	35684.398	39580.47	42191.511	46238.702	48248.747
"Kyrgyzstan"	417	2999.785	3417.397	3823.807	4302.037	4832.753	5503.416	6141.691	6735.085	7399.632	8277.099	9147.518	9934.197	10675.98	11587.877	12574.925	13319.046	13933.807	15045.959
"Tajikistan"	762	4186.014	4868.081	5576.206	6257.498	6972.273	7810.907	8763.049	9752.16	10740.131	11746.092	13022.431	14334.957	15218.446	16617.295	17791.362	19404.759	21086.591	22491.872
"Turkmenistan"	795	2732.796	3017.268	3287.243	3510.037	3747.083	3965.65	4223.104	4391.819	4587.961	4730.846	4882.068	5075.857	5243.498	5446.66	5586.382	5678.082	5837.28	6014.159
"Uzbekistan"	860	15194.04	16797.782	18343.31	20031.116	21537.618	22953.155	24308.829	26221.263	27728.634	29213.912	30505.051	31690.157	33364.106	34279.473	36100.013	37507.027	39067.469	40943.358
"Afghanistan"	4	15752.858	21226.136	27084.32	33336.343	40791.839	45866.773	50903.967	56082.756	61461.745	69533.149	75634.994	83301.329	91364.76	92385.187	98360.272	104230.916	113257.481	114816.351
"Bangladesh"	50	79718.677	86839.119	93703.164	100080.113	106908.29	112563.016	118801.48	123538.47	128578.48	132636.217	136972.239	141671.673	145315.847	147990.659	151139.303	153956.189	156011.369	161302.346
"Bhutan"	64	358.546	433.975	499.417	565.214	621.416	678.13	736.275	825.031	901.006	938.817	988.043	1052.258	1064.103	1084.62	1114.334	1114.441	1116.005	1172.359
"India"	356	631502.119	679726.197	728411.273	777925.196	825962.461	872873.754	920770.113	970551.817	1017994.198	1060052.584	1108382.953	1150145.205	1191057.794	1240199.75	1284940.808	1325967.224	1372257.06	1411235.65
"Iran (Islamic Republic of)"	364	39274.07	43532.374	47036.412	50181.057	53933.129	57084.118	59933.985	63077.278	65230.929	68452.167	68914.568	71654.22	73955.153	73473.418	73620.177	75112.906	77482.423	78380.269
"Maldives"	462	181.29	201.087	217.698	231.831	245.847	258.749	271.266	284.309	295.903	307.256	312.284	317.326	324.646	327.47	333.063	334.048	334.106	337.567
"Nepal"	524	14697.228	15946.428	17292.784	18610.686	19930.182	21074.023	22292.948	23273.968	24356.392	25689.668	26936.696	27940.51	28656.275	29504.857	30203.631	30535.675	30951.035	31339.35
"Pakistan"	586	91872.571	103662.173	115623.554	127369.358	140242.592	154451.499	168663.27	183927.737	197396.306	212179.982	227144.449	240992.334	254647.101	270310.781	282492.362	297715.201	305914.623	319470.476
"Sri Lanka"	144	10735.746	11194.458	11591.98	11955.291	12283.437	12535.657	12812.328	12985.036	13171.998	13375.359	13541.137	13749.407	13960.68	14086.839	14125.673	14219.646	14527.188	14421.244
"Brunei Darussalam"	96	205.161	228.747	253.668	277.964	302.621	333.053	366.74	396.505	423.685	456.158	493.208	521.737	558.937	598.574	631.834	679.012	700.286	748.766
"Cambodia"	116	7979.745	8916.632	9875.57	10757.776	11723.825	12740.264	13939.517	14935.771	16117.652	17265.422	18343.698	19294.433	20404.556	21653.287	22767.38	24169.031	24943.407	25996.616
"Indonesia"	360	127875.936	137461.016	146660.737	155566.706	163881.363	172005.031	179797.216	187531.643	195597.813	202571.843	209920.112	218692.878	227387.031	235624.472	244649.43	250384.873	257025.606	265385.204
"Lao People's Democratic Republic"	418	3416.695	3874.461	4304.179	4804.046	5267.355	5708.52	6134.454	6609.189	7063.339	7591.37	7981.923	8318.147	8646.356	8936.86	9415.12	9883.988	9925.359	10146.771
"Malaysia"	458	15305.331	16826.466	18446.64	20076.592	21687.493	23160.537	24720.887	26319.627	28120.711	29630.107	31047.054	32553.067	34083.993	35563.365	36599.92	37642.997	38811.53	40244.671
"Myanmar"	104	27562.17	29099.047	30667.112	32117.743	33671.204	35086.298	36357.35	37229.73	38287.225	39171.684	39948.168	40421.773	40820.933	41006.874	41169.952	41720.495	42256.61	42847.753
"Philippines"	608	49886.839	54912.676	60015.486	65322.09	70722.461	76136.081	81777.196	87782.715	93788.831	99018.643	105150.175	111889.909	117749.284	122182.204	129656.25	135361.204	140945.552	145284.202
"Singapore"	702	2838.705	3242.35	3700.944	4202.451	4764.694	5285.446	5772.747	6226.564	6724.283	7390.651	7970.992	8666.253	9425.331	10107.811	11069.327	12039.394	12811.859	13812.27
"Thailand"	764	34464.57	35309.584	35825.754	36266.292	36417.363	36393.714	36300.391	36019.153	35608.789	34921.167	34599.016	34340.725	33827.667	33505.338	33471.512	33386.888	33210.289	33481.505
"Timor-Leste"	626	583.192	774.188	949.122	1175.44	1416.63	1651.054	1888.674	2150.982	2459.564	2796.263	3148.545	3494.167	3868.425	4334.91	4800.839	5206.065	5612.227	6149.44
"Viet Nam"	704	47223.132	50215.245	52989.08	55444.264	57772.974	59715.099	61545.882	63456.909	65404.034	66793.975	67424.309	68428.327	69562.759	70587.635	71186.409	72641.344	73778.16	75474.976
"Armenia"	51	1618.201	1720.946	1830.313	1912.156	2023.333	2134.779	2206.774	2326.268	2376.266	2441.122	2631.322	2798.289	2938.101	2967.89	3094.09	3197.458	3234.346	3326.898
"Azerbaijan"	31	4898.422	5234.688	5490.929	5692.508	5877.127	6099.705	6298.568	6470.311	6638.357	6756.581	6955.786	7192.448	7347.366	7513.019	7692.465	7903.848	8011.405	8225.672
"Bahrain"	48	523.63	690.911	812.893	916.747	1019.053	1100.354	1179.374	1246.302	1237.555	1303.064	1322.946	1334.446	1332.505	1360.373	1332.478	1321.064	1406.202	1447.18
"Cyprus"	196	570.808	632.6	697.983	764.207	846.115	941.016	1038.248	1152.347	1241.415	1292.401	1393.039	1478.906	1576.242	1695.998	1824.616	2024.914	2107.38	2204.096
"Georgia"	268	2091.661	2100.562	2115.188	2113.556	2141.323	2188.627	2280.789	2353.191	2445.771	2443.709	2531.552	2691.981	2759.833	2769.911	2854.765	2962.291	3122.574	3378.603
"Iraq"	368	17986.418	21510.295	25707.461	29901.798	34196.376	39114.771	44493.678	50584.98	56614.542	63667.349	71316.44	80299.195	88615.634	99710.687	109462.977	120060.213	132236.255	145005.534
"Israel"	376	4065.413	4699.901	5391.374	6117.111	6907.063	7769.664	8693.618	9670.282	10850.338	12155.019	12842.177	14334.076	15539.272	16951.877	18046.273	19618.049	21578.753	23044.519
"Jordan"	400	3705.533	4964.833	6146.167	7187.491	8443.887	9904.316	11100.595	12444.961	13706.159	15243.315	16495.85	17645.133	18380.609	19957.614	22398.983	23312.013	23045.547	24774.571
"Kuwait"	414	1705.679	2584.104	3370.679	4082.638	4691.832	5011.853	5366.364	5677.54	5792.473	6055.999	6375.534	6615.854	6576.261	6569.891	6719.707	6761.217	6974.583	7201.8
"Lebanon"	422	2912.214	3618.88	3928.333	4230.455	4806.289	5387.946	6217.264	7005.843	7646.329	8762.643	9330.428	9941.979	10764.008	11304.919	12378.41	12809.471	13358.04	13700.54
"Oman"	512	1511.914	2775.203	4132.147	5468.297	6701.585	7782.171	8706.117	9472.331	10080.653	10431.446	10927.275	11366.51	11823.024	11840.123	12325.146	12172.532	11862.794	11902.488
"Qatar"	634	611.636	1344.201	1961.506	2447.112	2909.234	3279.402	3619.105	3968.975	4210.144	4274.414	4551.817	4629.641	4748.783	4919.927	4936.009	5134.831	5163.778	5125.62
"Saudi Arabia"	682	13704.462	16241.958	18669.564	21073.682	23275.196	25601.858	27561.768	29156.176	30674.74	31999.911	32889.108	33963.451	34457.382	35249.932	35773.649	36457.733	36288.736	36563.838
"State of Palestine"	275	2301.716	3002.234	3705.996	4616.719	5609.697	6615.286	7734.964	8730.567	9953.795	11242.887	13062.155	14127.34	15249.14	16962.601	18418.606	20405.272	21365.983	23801.435
"Syrian Arab Republic"	760	9135.904	10635.645	12042.129	13336.426	14766.877	16532.891	18169.757	19301.249	21130.46	23473.383	25089.34	26979.704	29155.244	30662.744	33153.176	33618.37	34583.821	35231.108
"Turkey"	792	39991.268	43931.785	47874.912	52035.945	57181.764	61513.695	66083.833	70800.586	74918.018	79118.785	83145.523	86748.749	91413.766	96370.376	100618.906	106388.402	111119.106	115852.338
"United Arab Emirates"	784	2448.707	5176.573	7708.741	9362.108	10876.724	12128.589	13218.111	13994.623	15413.928	16199.894	16469.203	17133.101	17289.653	18344.682	18580.058	18620.863	19017.588	19570.006
"Yemen"	887	13278.933	15544.74	17945.781	20426.693	23079.834	25799.225	28227.781	30537.496	33149.445	35872.472	38737.065	41097.249	41206.718	42088.008	43847.877	45813.215	47222.326	46796.353
"EUROPE"	908	382101.84	383699.376	384075.671	383115.95	381887.878	380838.438	379121.737	377616.908	376207.878	374953.059	373567.866	371613.811	371673.953	374508.819	377537.365	382702.404	386622.512	390329.762
"Belarus"	112	5082.297	5124.694	5147.894	5163.259	5149.79	5124.206	5136.607	5163.547	5202.96	5205.375	5227.488	5234.815	5286.489	5331.973	5424.941	5523.734	5615.366	5733.272
"Bulgaria"	100	3676.381	3620.976	3551.891	3486.134	3425.574	3386.915	3325.247	3326.261	3318.605	3231.83	3179.134	3159.856	3140.21	3225.969	3262.484	3343.914	3401.945	3439.33
"Czech Republic"	203	5363.119	5454.408	5508.438	5543.446	5531.111	5553.277	5578.855	5575.228	5603.35	5641.601	5648.968	5701.178	5717.012	5726.867	5715.777	5779.274	5937.015	6048.248
"Hungary"	348	5164.158	5149.779	5129.151	5078.617	5016.764	4963.909	4889.276	4851.546	4799.691	4814.178	4717.022	4738.659	4733.675	4775.67	4807.945	4851.721	4848.618	4893.198
"Poland"	616	19938.107	20092.987	20084.655	19967.529	19711.692	19417.863	19065.285	18715.001	18418.512	18079.525	17763.585	17397.716	17057.317	16548.975	16197.096	15746.451	15618.922	15390.98
"Republic of Moldova"	498	2113.038	2164.412	2207.546	2245.731	2277.901	2309.331	2326.264	2350.808	2388.627	2388.942	2414.082	2453.646	2524.445	2702.984	2822.146	2889.491	3039.532	3260.483
"Romania"	642	10060.347	9869.101	9661.336	9472.511	9284.556	9149.558	9006.379	8897.105	8797.852	8729.182	8736.303	8688.895	8718.487	8806.295	8873.988	8865.518	9088.865	9300.537
"Russian Federation"	643	76812.871	77477.189	77950.445	78024.715	78288.026	78707.536	79343.508	80492.073	81855.559	83045.292	84172.54	85603.353	87541.584	89733.918	92128.671	94500.143	96324.905	99447.389
"Slovakia"	703	2796.123	2827.668	2846.296	2837.759	2821.599	2786.957	2739.064	2700.128	2667.366	2629.216	2576.286	2516.079	2475.458	2433.747	2390.405	2347.037	2337.935	2339.973
"Ukraine"	804	24064.369	23807.235	23491.284	23149.339	22672.37	22319.752	21989.017	21800.01	21557.43	21331.063	21106.249	20775.109	20522.92	20684.673	20669.656	20792.15	20972.248	20977.42
"Channel Islands"	830	82.567	86.495	90.389	94.294	98.23	101.367	105.82	109.889	112.771	117.725	122.7	127.599	131.712	135.874	140.558	146.405	152.957	159.281
"Denmark"	208	2855.152	2952.84	3066.597	3197.584	3325.169	3436.457	3550.192	3684.006	3840.781	4006.514	4157.614	4352.152	4518.824	4703.966	4873.715	5112.555	5342.955	5538.456
"Estonia"	233	698.24	727.444	741.066	758.118	771.763	795.582	829.99	853.037	863.873	870.664	875.733	884.561	912.326	912.854	944.938	985.977	977.949	995.972
"Finland"	246	2794.418	2898.849	2995.111	3104.411	3207.91	3296.572	3391.266	3503.185	3575.239	3758.839	3905.576	4091.917	4231.233	4388.54	4620.67	4750.084	4904.32	5251.078
"Iceland"	352	164.405	173.734	182.758	192.236	200.481	208.309	216.135	223.326	230.889	240.227	250.817	261.558	265.927	273.145	281.845	288.185	294.261	303.471
"Ireland"	372	2348.368	2530.339	2702.497	2876.335	3068.529	3306.849	3547.255	3768.439	3940.991	4158.182	4317.466	4720.214	5013.145	5213.809	5354.631	5690.342	6119.873	6359.789
"Latvia"	428	1066.513	1056.353	1049.294	1044.546	1037.897	1033.973	1043.65	1048.123	1047.388	1068.559	1083.981	1111.762	1128.819	1170.338	1221.53	1277.884	1346.558	1419.701
"Lithuania"	440	1553.165	1499.668	1452.647	1413.918	1379.385	1348.354	1329.387	1319.737	1295.052	1280.83	1272.716	1287.166	1314.78	1337.923	1359.457	1356.057	1419.981	1451.456
"Norway"	578	2586.163	2801.694	3040.166	3318.249	3635.518	3993.344	4359.473	4801.583	5270.973	5795.211	6449.004	7143.411	7989.06	8865.538	9828.987	10875.13	12194.534	13455.95
"Sweden"	752	4892.609	5175.312	5488.103	5802.275	6124.052	6423.642	6790.359	7255.802	7684.06	8176.804	8797.57	9460.204	10124.669	10891.37	11547.423	12428.365	13454.868	14398.369
"United Kingdom"	826	32817.216	34163.236	35534.582	36908.631	38285.666	39754.614	41240.696	42643.309	44213.308	45371.423	46634.163	48695.875	50557.39	52344.186	54459.262	56569.655	58914.069	61386.413
"Albania"	8	1459.859	1610.233	1748.944	1940.081	2112.795	2239.328	2370.628	2534.343	2732.311	3057.534	3277.095	3534.455	3753.196	4104.29	4234.425	4473.952	4795.426	4970.243
"Bosnia and Herzegovina"	70	1913.965	2068.969	2174.331	2321.163	2383.161	2463.874	2505.703	2503.132	2481.975	2597.706	2636.101	2621.921	2682.578	2756.443	2924.626	3043.474	3159.942	3182.734
"Croatia"	191	2195.067	2209.836	2203.543	2198.432	2198.489	2210.066	2226.201	2256.08	2270.856	2247.698	2260.193	2273.293	2275.608	2290.262	2267.907	2232.541	2244.702	2243.709
"Greece"	300	5609.448	5685.635	5743.409	5806.242	5885.054	5966.472	6042.962	6090.798	6106.524	6206.239	6213.931	6262.521	6292.456	6309.993	6478.907	6583.939	6789.36	6865.894
"Italy"	380	30727.975	31166.372	31463.877	31959.207	32395.69	33081.815	33430.886	33976.924	34331.851	34967.068	35729.135	36008.685	36264.292	36699.86	37730.141	38857.354	39881.877	41278.963
"Malta"	470	210.174	218.775	227.855	237.12	248.284	257.979	271.693	287.603	298.756	316.116	330.765	348.391	356.45	374.869	395.151	415.126	445.972	477.597
"Montenegro"	499	316.57	336.656	349.519	358.254	370.08	377.474	379.726	389.592	395.575	403.538	405.375	404.494	407.214	397.019	402.38	402.055	399.741	385.509
"Portugal"	620	5449.264	5451.966	5579.587	5666.644	5802.171	5923.755	5942.372	6116.109	6225.508	6245.804	6359.714	6448.593	6482.209	6792.409	6899.627	6946.121	6973.536	7050.312
"Serbia"	688	4531.328	4617.017	4681.044	4712.232	4727.536	4715.2	4715.175	4662.461	4685.148	4712.689	4660.935	4682.865	4724.111	4714.86	4676.712	4786.214	4873.701	4916.274
"Slovenia"	705	1042.698	1074.642	1101.528	1125.441	1149.56	1175.39	1191.1	1212.916	1236.882	1261.97	1296.66	1344.413	1388.408	1442.96	1482.368	1550.327	1624.302	1662.969
"Spain"	724	23498.098	24307.524	24979.075	25668.75	26421.858	27421.273	28324.398	29334.071	30319.726	31187.136	31651.23	32484.197	33511.121	34591.293	36915.475	38766.695	40985.371	41344.275
"TFYR Macedonia"	807	1043.803	1096.158	1133.93	1183.89	1218.406	1259.548	1292.417	1359.181	1375.072	1412.233	1452.179	1463.968	1464.496	1495.951	1520.764	1537.514	1573.22	1599.327
"Austria"	40	4348.265	4487.929	4631.177	4794.324	4914.148	5087.937	5281.074	5418.811	5591.455	5764.8	5965.814	6162.7	6360.397	6570.142	6755.712	6795.533	7057.844	7309.782
"Belgium"	56	5740.091	5926.066	6195.37	6481.791	6808.625	7160.672	7584.273	8004.792	8426.096	8898.17	9379.189	9958.766	10713.572	11319.964	11967.053	12731.289	13520.849	14541.941
"France"	250	33053.692	34333.065	35657.314	36980.951	38636.307	40274.089	41742.213	43341.721	44838.922	46417.158	47868.597	49515.574	51678.343	53619.503	55616.651	57762.199	60358.159	62486.267
"Germany"	276	41035.821	41934.057	42679.896	43418.457	44071.137	44585.453	45192.46	45605.043	46270.562	46589.449	46020.229	46127.687	47308.359	47919.782	48702.601	49727.118	50967.301	51911.668
"Luxembourg"	442	282.495	326.16	381.583	451.529	515.559	587.22	670.68	771.846	881.515	1020.69	1185.868	1377.1	1594.478	1808.274	2111.308	2443.046	2807.616	3244.08
"Netherlands"	528	8524.303	8749.901	8990.64	9268.624	9517.814	9703.041	9914.209	10075.236	10273.003	10464.957	10703.652	10984.621	11349.211	11691.224	12079.512	12452.35	12996.876	13485.318
"Switzerland"	756	4189.298	4559.985	4998.271	5466.797	5980.534	6509.081	7175.104	7972.483	8687.768	9805.082	10901.824	11926.761	13124.161	14400.544	15732.404	17691.34	19327.082	21082.926
"LATIN AMERICA AND THE CARIBBEAN"	904	320707.421	339792.695	357231.923	373708.597	387790.145	400278.165	411471.725	420970.032	428870.628	435168.737	440292.683	444942.371	448767.801	451301.87	452973.452	454777.928	453152.887	454142.128
"Antigua and Barbuda"	28	47.929	55.587	63.085	70.499	79.269	87.457	95.757	105.078	113.086	121.383	125.139	129.422	138.881	151.127	156.759	169.857	189.676	202.81
"Aruba"	533	54.514	68.345	79	86.644	93.955	99.765	104.531	109.913	116.728	128.904	133.685	135.98	136.328	138.614	147.619	143.27	140.501	134.13
"Bahamas"	44	198.062	226.563	256.376	291.216	333.067	372.206	414.294	459.683	501.118	548.237	569.254	628.21	664.804	720.661	769.107	840.884	901.09	945.085
"Barbados"	52	148.039	154.499	162.258	172.004	183.219	195.045	210.103	223.038	236.833	252.117	265.246	284.04	299.359	321.122	337.756	360.462	385.565	419.088
"Cuba"	192	5667.62	5792.009	5879.857	5937.326	5992.395	6024.299	5992.51	5958.968	5914.518	5882.919	5739.212	5599.987	5528.123	5427.332	5272.006	5217.428	5332.821	5477.527
"Curacao"	531	84.69	98.229	111.907	127.726	141.479	159.331	171.82	188.306	202.596	221.382	242.034	265.971	283.65	318.544	342.689	349.889	383.202	381.612
"Dominican Republic"	214	5282.291	5673.162	6046.847	6397.83	6754.538	7085.512	7418.261	7740.672	7982.113	8204.247	8401.346	8526.715	8690.763	8859.898	8992.947	9046	9221.213	9326.286
"Grenada"	308	53.241	62.155	73.225	83.709	97.302	109.763	121.579	135.38	145.748	157.577	169.453	185.247	196.405	205.114	220.794	235.25	250.488	272.009
"Guadeloupe"	312	251.8	260.755	267.749	278.989	296.059	320.43	347.471	372.768	399.724	422.308	449.753	507.225	569.451	638.972	681.783	708.111	770.704	886.347
"Haiti"	332	5413.645	5873.367	6330.031	6789.703	7228.743	7747.992	8210.09	8656.322	9122.62	9529.335	9997.835	10433.39	10823.999	11248.118	11526.852	11812.444	12080.129	12454.523
"Jamaica"	388	1402.296	1515.602	1641.538	1777.762	1944.483	2123.832	2352.065	2524.156	2779.639	2955.025	3157.958	3443.543	3681.898	3981.212	4295.682	4561.928	4871.321	5051.013
"Martinique"	474	214.847	223.011	230.555	239.402	247.988	259.019	266.214	279.295	291.739	303.596	317.458	330.108	349.409	358.814	367.753	382.188	395.521	405.882
"Puerto Rico"	630	1912.66	1979.458	2034.746	2096.444	2137.369	2177.67	2219.143	2244.635	2274.375	2270.151	2290.689	2321.749	2336.205	2345.522	2344.349	2381.048	2392.202	2425.406
"Saint Lucia"	662	94.24	102.112	110.511	120.755	131.469	143.589	153.153	163.225	174.416	192.407	210.501	223.635	245.133	265.376	284.015	304.651	324.925	348.866
"Saint Vincent and the Grenadines"	670	54.23	56.063	58.562	61.062	63.95	65.952	69.413	70.927	74.849	78.781	83.425	91.149	97.728	104.445	112.011	122.088	131.721	145.385
"Trinidad and Tobago"	780	689.003	727.829	764.82	802.906	848.077	882.371	926.962	968.517	1006.879	1061.005	1142.425	1249.84	1337.284	1365.496	1361.682	1401.345	1469.588	1519.622
"United States Virgin Islands"	850	55.657	68.579	80.221	88.922	100.757	108.111	115.549	116.497	125.088	136.36	149.462	161.5	168.022	174.511	191.131	191.965	207.124	203.57
"Belize"	84	180.183	214.73	252.353	293.094	336.604	385.69	436.026	500.951	559.684	621.075	710.66	756.017	820.065	862.942	915.325	995.709	1048.245	1079.887
"Costa Rica"	188	2402.305	2575.497	2749.295	2911.334	3060.333	3213.315	3350.61	3478.219	3617.591	3745.55	3879.366	3994.958	4109.012	4192.201	4270.025	4404.937	4506.929	4634.368
"El Salvador"	222	3251.342	3394.815	3524.131	3637.554	3770.54	3852.757	3964.473	4091.273	4201.198	4332.305	4459.829	4567.227	4637.825	4717.632	4713.572	4821.485	4891.663	4990.905
"Guatemala"	320	8349.629	9391.695	10518.764	11690.95	12893.295	14160.304	15444.214	16879.19	18338.766	19812.363	21462.866	22930.08	24565.621	26210.445	28215.825	29918.972	31513.825	32840.686
"Honduras"	340	4039.098	4432.045	4819.543	5201.708	5563.927	5919.546	6281.26	6599.959	6878.593	7154.812	7456.836	7718.369	7977.335	8094.779	8187.057	8207.342	8273.04	8272.249
"Mexico"	484	63835.777	69004.334	74006.031	78768.744	83447.668	87728.821	91682.296	95553.491	98809.527	101108.939	104524.508	106644.921	109532.653	111815.204	114685.746	118022.18	119422.135	122683.507
"Nicaragua"	558	3084.059	3305.298	3526.973	3738.573	3928.63	4103.906	4291.015	4490.457	4683.124	4866.963	5088.567	5238.072	5336.96	5422.386	5490.945	5590.517	5696.719	5859.779
"Panama"	591	1959.401	2148.541	2338.335	2530.626	2722.307	2925.069	3128.734	3338.078	3559.845	3762.045	3977.643	4151.043	4371.649	4596.358	4792.566	4946.305	5142.322	5365.698
"Argentina"	32	22172.053	23681.903	25170.353	26668.732	28089.072	29617.346	31051.312	32746.074	34561.49	36154.214	37884.647	39215.098	40324.11	41812.632	43673.99	45284.829	47308.968	49501.991
"Bolivia (Plurinational State of)"	68	5353.99	5864.464	6405.05	6956.996	7542.361	8153.394	8816.794	9489.66	10149.531	10921.537	11527.884	12231.014	12878.915	13470.263	14190.56	15027.643	15544.742	16157.938
"Brazil"	76	105646.79	111492.529	116872.833	121978.289	126788.035	131512.141	135202.322	138518.249	141665.778	144858.23	147439.27	149006.239	151344.731	153736.14	155026.729	155828.699	157931.804	159917.512
"Chile"	152	9093.072	9658.841	10224.503	10779.623	11311.758	11820.082	12236.021	12763.745	13188.932	13657.957	14066.991	14533.442	14895.547	15454.27	15996.287	16424.788	16862.212	17438.314
"Colombia"	170	24485.169	25905.923	27211.132	28391.401	29427.137	30449.878	31197.214	31869.429	32539.875	33000.748	33442.921	33890.578	34140.484	34341.2	34588.532	34751.325	35011.132	35426.038
"Ecuador"	218	8073.299	8815.001	9557.483	10287.941	10984.138	11711.838	12451.611	13153.737	13836.711	14547.634	15200.343	15901.306	16541.209	17119.19	17696.905	18331.018	18899.842	19461.732
"French Guiana"	254	134.37	171.051	212.687	267.258	331.478	397.82	463.41	544.15	618.2	707.504	817.822	938.479	1040.527	1136.342	1279.621	1372.422	1551.859	1658.658
"Guyana"	328	381.586	428.027	484.645	559.283	631.236	734.093	860.727	954.12	1073.09	1195.605	1345.344	1496.43	1565.07	1721.807	1876.265	2114.484	2290.079	2533.166
"Paraguay"	600	3269.997	3555.425	3846.617	4132.438	4427.986	4684.888	4986.303	5267.845	5532.9	5821.595	6048.405	6292.256	6486.603	6760.261	6907.993	7074.567	7219.806	7392.224
"Peru"	604	15703.562	16945.692	18195.9	19347.119	20529.464	21627.824	22857.523	23927.55	25026.69	25730.376	26642.759	27355.098	27771.919	28564.121	29109.426	29816.079	30788.856	30741.697
"Suriname"	740	270.937	306.598	343.299	386.229	433.286	491.804	544.406	632.187	699.602	771.881	824.598	906.591	963.772	1039.921	1141.365	1247.952	1353.338	1460.923
"Uruguay"	858	1775.156	1847.599	1912.79	1961.066	2015.676	2101.061	2142.535	2189.395	2221.316	2244.487	2294.199	2341.998	2391.849	2464.712	2494.081	2542.726	2523.8	2563.313
"Venezuela (Bolivarian Republic of)"	862	15620.882	16938.712	18203.703	19448.247	20612.157	21762.333	22885.205	23936.684	24985.722	25961.312	26905.134	27641.743	28633.283	29293.531	30102.826	31285.892	31456.87	32057.884
"NORTHERN AMERICA"	905	180393.518	189345.332	198735.968	207932.567	216978.79	225810.733	233790.976	242558.899	252603.258	265086.463	275834.139	289954.251	303104.785	316611.212	330579.845	345873.036	363679.597	379530.203
"Canada"	124	18113.659	19368.748	20568.365	21942.038	23277.815	24645.869	25953.324	27170.359	28581.555	29981.435	31260.358	32944.931	34335.817	36359.921	38195.607	40537.012	42733.909	45873.336
"United States of America"	840	162279.859	170442.43	178830.608	187698.884	196348.038	205309.062	213212.204	220848.728	230529.014	240120.269	251295.822	263970.64	277086.497	290066.475	301723.043	314953.075	329201.701	350423.278
"OCEANIA"	909	19504.414	21414.976	23360.409	25294.589	27392.61	29423.209	31644.846	34872.693	38673.455	41272.68	44371.557	48039.373	52585.987	56703.125	60919.812	65593.292	70269.191	76042.601
"Australia"	36	11993.038	13336.371	14769.81	16186.746	17751.62	19191.328	21119.118	23696.653	27015.602	29681.029	32009.967	36071.749	40403.159	44642.695	48019.594	52825.82	55590.591	60654.257
"New Zealand"	554	2315.403	2496.886	2662.719	2812.17	2933.613	3084.311	3223.186	3320.703	3384.513	3497.023	3628.413	3736.416	3850.926	3932.763	4144.104	4285.725	4408.093	4572.686
"Fiji"	242	438.518	484.577	530.286	585.196	631.133	690.742	762.478	822.7	878.946	973.967	1057.959	1134.945	1201.989	1265.525	1294.773	1372.506	1406.828	1497.687
"New Caledonia"	540	130.393	144.82	158.303	170.974	183.854	197.498	208.768	222.767	237.206	248.509	262.144	283.138	297.498	309.009	323.876	339.345	358.313	371.532
"Papua New Guinea"	598	3732.533	4193.347	4668.844	5205.09	5764.632	6321.858	6932.586	7511.29	8112.315	8809.398	9507.556	10236.006	10910.969	11606.028	12319.501	13080.275	13837.295	14680.614
"Solomon Islands"	90	287.268	322.354	359.709	400.298	446.827	495.418	548.211	599.316	653.718	714.723	784.22	846.848	904.622	961.332	1039.947	1107.152	1198.269	1283.542
"Vanuatu"	548	130.597	149.628	169.033	191.532	211.89	233.317	259.095	285.567	313.767	342.854	368.736	392.41	422.607	453.722	485.905	517.794	552.113	588.934
"Guam"	316	83.732	93.353	102.636	114.542	126.962	140.648	154.28	166.261	177.216	189.204	204.203	221.78	233.226	255.616	270.666	280.156	296.605	306.556
"Kiribati"	296	56.999	64.634	72.983	81.809	90.662	99.84	109.748	119.565	134.071	143.674	157.258	168.743	175.92	194.703	209.797	226.483	240.393	250.426
"Micronesia (Fed. States of)"	583	50.95	59.923	69.834	82.538	94.362	109.02	125.937	141.024	161.403	177.276	190.721	207.835	228.28	248.625	276.637	303.46	313.697	316.802
"French Polynesia"	258	138.468	153.552	168.42	183.475	196.937	210.148	224.077	238.679	256.276	267.457	285.395	298.061	316.725	340.849	352.717	374.371	397.104	415.286
"Samoa"	882	93.584	101.71	112.904	127.315	145.673	165.697	191.429	216.052	245.479	279.695	320.245	355.985	417.605	484.746	564.86	602.012	651.276	731.286
"Tonga"	776	52.931	58.569	66.714	77.343	90.551	105.827	122.597	139.286	161.502	183.067	211.04	248.697	281.43	316.864	341.572	383.288	418.652	488.95
