"name"	"country_code"	"2015"	"2020"	"2025"	"2030"	"2035"	"2040"	"2045"	"2050"	"2055"	"2060"	"2065"	"2070"	"2075"	"2080"	"2085"	"2090"	"2095"	"2100"
"WORLD"	900	3641738.973	3823980.798	3992939.089	4147032.752	4284253.018	4410776.84	4518876.288	4605213.772	4681052.934	4732398.919	4776845.449	4801836.461	4818467.843	4835556.881	4840698.204	4837929.467	4809560.803	4802022.151
"AFRICA"	903	592721.705	663209.07	736684.529	813487.425	892080.444	971194.041	1047958.544	1128757.441	1198481.232	1270930.342	1341158.579	1398854.083	1461064.048	1512463.353	1564772.967	1609616.676	1650021.543	1674333.459
"Burundi"	108	5654.689	6175.976	6697.343	7152.25	7548.273	7997.215	8310.084	8626.293	8963.746	9109.698	9138.093	9189.883	8922.869	8909.508	8976.288	8768.21	8615.951	8538.917
"Comoros"	174	390.774	418.736	449.922	475.814	499.212	524.089	542.592	555.452	567.736	572.333	575.09	574.713	553.169	547.663	529.955	505.887	493.552	481.799
"Djibouti"	262	442.019	366.945	336.884	320.781	316.428	305.309	295.074	283.348	269.532	259.68	230.05	219.218	213.428	194.815	171.095	154.378	146.834	137.76
"Eritrea"	232	2608.948	2674.014	2745.358	2820.254	2958.569	3138.503	3131.91	3178.22	3184.744	3174.986	3151.745	3042.787	3012.192	2930.719	2918.032	2788.271	2719.424	2596.456
"Ethiopia"	231	49783.139	54117.433	58623.645	62826.784	66395.996	69577.987	73270.48	75856.791	77267.867	78098.4	78740.042	79084.249	77703.477	75734.572	74264.621	71019.134	68275.03	65642.418
"Kenya"	404	23033.365	25481.78	27864.084	30087.082	32265.971	34163.67	35890.042	37237.406	38364.15	39435.824	39794.387	39630.773	39422.263	38687.629	37781.117	36178.798	34620.442	32907.075
"Madagascar"	450	12152.929	13686.83	15294.297	16913.629	18555.601	20201.487	21713.657	23064.074	24450.992	25788.72	27005.634	27976.342	28882.724	29495.671	29873.682	29926.363	30028.816	30016.42
"Malawi"	454	8622.171	9146.944	9891.448	10878.719	11863.18	12681.235	13736.937	14492.19	15551.952	16193.876	16734.325	17328.766	17981.189	18240.557	18392.7	18281.369	18328.859	18202.661
"Mauritius"	480	644.371	630.136	611.976	588.738	562.003	530.654	494.127	456.741	416.243	378.194	341.361	303.498	269.034	237.679	206.354	174.821	153.041	132.578
"Mayotte"	175	122.137	125.896	129.166	129.096	132.799	131.595	132.669	132.874	131.226	131.214	130.862	127.088	128.001	123.535	118.12	112.823	108.76	104.358
"Mozambique"	508	14311.663	15758.534	17383.236	19001.526	20539.226	22048.221	23626.383	25004.082	26239.123	27118.345	27814.194	28272.147	28721.349	29054.067	29280.674	28988.901	28390.997	27689.591
"Reunion"	638	444.386	439.304	439.496	435.229	430.468	422.355	407.468	394.816	378.162	360.454	342.175	319.215	298.207	277.232	254.447	232.908	216.11	202.877
"Rwanda"	646	6050.1	5820.993	6146.86	6308.004	6546.392	6905.025	7174.23	7251.03	7151.739	7273.082	7260.116	7252.215	7143.291	7120.67	7011.278	6780.613	6452.626	6114.383
"Seychelles"	690	47.605	47.187	46.309	45.509	44.384	43.003	41.594	39.653	37.509	35.033	32.009	29.747	27.595	25.865	24.024	22.652	20.81	19.221
"Somalia"	706	5419.167	4822.355	5165.775	5593.169	6039.529	6416.172	6794.359	7128.756	7369.496	7396.57	7810.694	7861.211	7626.058	7496.232	7334.542	7227.459	7105.486	6886.541
"South Sudan"	728	6160.58	6181.903	6394.154	6484.896	6715.256	6882.931	6998.267	6935.293	7108.105	7165.746	6795.93	6772.917	6804.888	6658.862	6641.377	6239.875	6136.469	5740.77
"Uganda"	800	19525.205	22126.345	24898.773	27492.78	29848.405	31947.391	33772.307	35067.249	36151.526	36891.732	37380.428	37397.099	36999.957	36525.754	36143.07	35205.648	34212.72	33260.014
"United Republic of Tanzania"	834	26896.189	30659.4	34732.174	39287.914	43914.222	48705.247	53469.232	58118.215	62733.922	66610.11	69542.7	72339.881	75738.121	77794.136	80681.236	82019.94	82954.64	83872.938
"Zambia"	894	8118.12	9186.368	10309.241	11504.657	12722.016	13872.944	14903.699	15904.778	16697.83	17431.877	18031.766	18547.794	18789.441	18788.402	18503.685	18133.66	18028.285	17602.763
"Zimbabwe"	716	7915.194	8447.055	8897.938	9277.171	9620.999	9880.712	10056.545	10157.56	10097.089	10054.331	9766.982	9506.05	9184.248	8880.37	8536.427	8136.287	7642.671	7246.283
"Angola"	24	12605.782	14086.366	15642.932	17326.116	18897.615	19977.13	20843.749	21547.781	22375.137	22734.005	23347.692	24184.574	24374.188	23714.784	23532.875	23240.535	22669.702	21927.428
"Cameroon"	120	11671.895	12836.883	13943.78	14946.55	15840.703	16629.377	17311.913	17787.243	18193.974	18386.761	18314.826	17877.198	17624.319	17203.805	16472.104	15710.605	15193.524	14581.573
"Central African Republic"	140	2484.856	2630.466	2759.953	2844.344	2917.457	2968.032	2992.053	2946.948	2864.714	2783.618	2704.703	2608.142	2466.809	2321.362	2145.292	1996.187	1835.469	1682.219
"Chad"	148	7009.901	7880.07	8768.2	9579.435	10311.061	10838.107	11258.941	11594.107	12036.515	12156.73	12377.947	12482.5	12406.397	12223.322	11766.337	11609.957	11043.986	10459.311
"Congo"	178	2309.21	2554.726	2812.261	3091.608	3372.489	3627.846	3878.27	4101.472	4338.285	4514.606	4626.476	4756.939	4778.724	4812.59	4770.028	4761.761	4645.068	4616.755
"Democratic Republic of the Congo"	180	38733.679	43594.52	48787.914	53893.805	59342.131	64864.484	69998.918	74614.071	78822.679	82155.894	84857.955	86816.485	88937.583	90086.609	89028.668	90871.392	89394.265	86914.857
"Equatorial Guinea"	226	411.954	377.741	368.554	376.522	396.851	412.253	419.551	431.269	441.182	453.373	466.188	446.053	446.935	433.386	426.05	410.981	408.294	391.527
"Gabon"	266	852.86	922.95	990.225	1048.596	1105.165	1155.81	1193.767	1222.24	1240.575	1250.592	1245.884	1230.236	1205.361	1168.528	1120.101	1076.112	1012.394	961.678
"Sao Tome and Principe"	678	95.585	96.485	99.066	100.791	101.142	102.47	102.696	102.773	103.961	103.423	102.163	99.311	94.239	91.909	88.056	83.331	82.671	77.353
"Algeria"	12	19708.915	20835.4	21708.502	22294.279	22753.569	22892.849	22991.664	22967.828	22799.115	22487.206	21844.183	21129.603	20250.556	19473.14	18464.085	17358.924	16586.385	15610.276
"Egypt"	818	45267.664	48715.561	51739.096	54404.72	56943.925	59375.572	61362.657	62770.108	63185.15	63272.476	63413.743	62361.218	60705.723	60074.717	57952.815	55662.49	54361.284	51808.648
"Libya"	434	3121.693	3059.105	2943.891	2787.768	2627.909	2476.704	2333.488	2175.746	2073.402	2026.767	1991.724	1961.664	1931.739	1901.405	1874.072	1840.301	1807.783	1756.25
"Morocco"	504	17388.247	17932.97	18439.977	18780.867	18878.845	18893.744	18798.2	18399.476	17769.337	17020.979	16371.403	15593.591	14633.45	13504.47	12419.096	11493.985	10492.505	9570.181
"Sudan"	729	20037.863	21203.638	22653.432	24266.307	25408.19	26690.836	27423.302	28077.048	28340.639	29011.815	29578.802	29239.663	29291.594	28617.355	27838.422	27404	26114.794	25362.239
"Tunisia"	788	5692.469	5752.857	5760.089	5693.004	5514.666	5373.916	5225.254	4909.492	4605.99	4320.936	3992.385	3659.981	3361.733	3044.016	2719.55	2520.618	2271.453	1984.33
"Western Sahara"	732	272.5	249.315	252.644	256.141	259.02	264.093	266.415	268.915	270.323	272.91	276.816	269.567	275.88	274.529	273.683	277.091	275.143	273.696
"Botswana"	72	1132.076	1196.468	1245.413	1271.902	1290.794	1298.391	1285.227	1269.159	1230.033	1189.705	1128.921	1071.293	1007.12	946.302	896.474	826.471	783.003	739.13
"Lesotho"	426	1078.247	1100.953	1118.167	1130.067	1138.269	1142.808	1134.984	1136.862	1128.896	1134.404	1115.798	1066.958	1015.415	971.256	915.958	858.055	791.172	739.198
"Namibia"	516	1262.042	1329.563	1396.746	1437.072	1456.096	1483.581	1479.06	1473.072	1449.952	1411.359	1377.266	1356.378	1315.065	1255.764	1174.403	1110.741	1031.708	953.52
"South Africa"	710	27693.15	28305.693	28807.407	29021.816	29109.194	29016.071	28753.859	28175.824	27543.435	26630.855	25302.227	24104.134	22723.155	21543.508	20234.725	19025.508	17750.056	16409.134
"Swaziland"	748	650.528	673.287	691.592	706.304	718.785	723.776	723.26	713.843	707.23	697.17	682.891	665.89	643.808	620.353	589.426	556.784	527.364	496.086
"Benin"	204	5453.88	6035.114	6625.609	7191.837	7703.204	8208.344	8600.598	8880.941	9076.041	9295.191	9383.947	9373.141	9349.417	9219.034	9177.057	8748.366	8281.645	7843.302
"Burkina Faso"	854	9121.395	10252.226	11361.558	12364.105	13339.248	14257.267	14917.368	15570.526	16119.547	16371.506	16741.349	16966.761	16999.559	16929.35	16745.812	16103.503	15676.498	15421.02
"Cabo Verde"	132	263.675	247.673	230.837	217.543	204.105	201.869	192.225	181.903	168.42	157.622	145.771	132.004	120.759	106.922	95.105	88.541	75.34	63.783
"Cote d'Ivoire"	384	11155.402	12204.014	13247.355	14141.671	14922.47	15492.75	16022.906	16427.157	16880.433	16632.912	16597.073	16046.971	15564.208	15131.172	14694.796	14276.934	13182.003	12303.246
"Gambia"	270	1005.393	1114.237	1250.847	1408.708	1570.809	1690.158	1841.056	1965.024	2046.875	2115.175	2149.28	2157.522	2146.215	2129.733	2125.883	2081.024	2032.332	1983.514
"Ghana"	288	13774.487	14679.51	15522.33	16446.823	17335.777	18107.762	18841.326	19367.614	19841.132	20112.199	20007.18	19843.438	19642.861	19205.973	18712.468	18317.62	17520.351	16732.491
"Guinea"	324	6286.353	6450.882	6894.453	7061.051	7242.572	7349.991	7696.383	7941.333	8041.079	8022.789	8045.821	8085.132	8160.386	8160.336	7858.038	7537.703	7381.503	7314.739
"Guinea-Bissau"	624	928.825	1005.224	1079.107	1148.302	1208.584	1257.923	1300.945	1332.15	1355.159	1339.608	1341.289	1302.648	1280.556	1206.006	1138.178	1065.419	993.46	924.706
"Liberia"	430	2233.643	2070.404	2143.7	2218.612	2314.765	2410.786	2521.821	2639.125	2652.636	2676.725	2618.6	2530.306	2615.895	2546.713	2606.015	2491.383	2434.477	2295.788
"Mali"	466	8715.004	9748.508	10787.912	11749.31	12593.595	13342.296	13875.577	14331.211	14706.834	14896.419	15064.985	14901.678	14626.567	14330.799	14047.288	13756.985	13111.785	12350.232
"Mauritania"	478	2020.783	2221.225	2427.124	2617.097	2803.857	2975.199	3105.022	3215.385	3320.885	3401.042	3459.757	3492.69	3490.082	3459.272	3386.199	3261.76	3113.612	2948.315
"Niger"	562	9869.965	11833.915	14055.362	16412.983	18750.777	20973.095	23252.576	25075.679	27236.95	28890.691	30765.922	32301.361	32855.929	34147.291	34920.947	34887.039	34870.832	34609.963
"Nigeria"	566	89413.012	99565.672	109914.883	119404.457	128808.826	138146.634	144366.157	148746.266	152433.599	157747.732	157809.198	156491.682	153278.866	149814.13	143594.71	138161.754	132269.304	126601.669
"Senegal"	686	7700.593	8643.201	9605.274	10595.981	11525.427	12436.235	13306.956	14135.597	15019.109	15613.06	16030.135	16509.275	17135.591	17325.208	17516.803	17592.083	17435.018	17271.576
"Sierra Leone"	694	3259.945	3245.021	3304.891	3438.78	3505.953	3548.337	3625.008	3565.817	3558.957	3540.462	3526.939	3470.721	3362.32	3263.79	3121.51	3024.922	2788.616	2687.995
"Togo"	768	3695.483	3863.722	4113.414	4341.493	4555.14	4733.839	4916.885	5072.507	5146.134	5107.427	5176.079	5087.963	5031.955	4816.126	4636.506	4491.349	4231.506	4007.257
"ASIA"	935	2146310.075	2233650.291	2304914.327	2360747.017	2403169.523	2428785.595	2441665.413	2440994.27	2423433.551	2386618.508	2350243.47	2304478.295	2249241.509	2187951.358	2127444.632	2065885.436	2009739.079	1946425.77
"China"	156	667071.827	672688.852	670340.916	662253.295	649415.369	631149.215	607540.567	579167.254	549366.934	515711.76	484894.156	452140.027	419974.179	389823.946	359776.738	338627.849	316860.665	297290.512
"China, Hong Kong SAR"	344	3866.342	3590.186	3366.904	3190.563	2951.137	2763.735	2500.15	2267.348	2049.186	1766.315	1552.595	1327.851	1143.794	961.489	805.833	709.519	611.914	527.669
"China, Macao SAR"	446	304.595	265.163	242.116	218.112	201.675	185.849	170.47	154.909	137.23	124.291	107.599	95.634	80.985	69.263	61.622	54.643	51.122	47.555
"Dem. People's Republic of Korea"	408	12855.551	12984.61	13048.83	13051.3	12964.874	12808.771	12556.357	12227.44	11810.408	11390.613	10906.607	10486.73	9943.924	9456.682	8936.496	8492.928	7953.7	7487.334
"Japan"	392	65014.903	63454.389	61599.775	59616.401	57236.993	54674.665	52082.57	49565.503	46942.199	44634.554	42023.991	39393.997	36768.191	34202.181	32050.502	30309.285	28708.414	26849.067
"Mongolia"	496	1494.375	1554.096	1588.64	1608.386	1608.743	1609.793	1602.184	1592.661	1564.093	1548.695	1525.48	1503.207	1485.686	1468.844	1465.105	1452.383	1444.668	1443.872
"Republic of Korea"	410	25298.411	25107.37	24913.6	24596.327	24080.665	23399.875	22540.578	21475.343	20027.834	18755.97	17503.179	16328.653	15034.763	13947.246	12739.636	11721.501	11035.059	10152.241
"Other non-specified areas"	158	11681.169	11427.202	11122.585	10708.112	10228.148	9690.865	9053.995	8346.953	7495.846	6783.047	6048.089	5319.247	4590.615	3891.327	3337.11	2919.315	2645.939	2296.501
"Kazakhstan"	398	9113.167	9023.426	8749.554	8296.724	7849.097	7397.894	6820.541	6283.534	5744.163	5176.331	4691.221	4230.226	3890.993	3677.291	3342.195	3105.954	3009.721	2908.217
"Kyrgyzstan"	417	2999.785	3066.6	3099.383	3064.554	3027.058	2960.381	2883.567	2782.283	2630.436	2496.561	2291.576	2226.331	2084.077	1973.257	1843.734	1751.016	1607.195	1415.587
"Tajikistan"	762	4186.014	4486.301	4723.184	4868.496	4981.065	5083.348	5201.148	5276.289	5203.805	5143.606	4994.927	4770.629	4655.588	4604.833	4379.452	4202.816	4017.762	3740.262
"Turkmenistan"	795	2732.796	2805.59	2864.357	2880.049	2872.515	2859.767	2802.942	2729.675	2641.511	2513.847	2419.103	2276.088	2177.465	2049.913	1909.21	1703.684	1539.799	1403.847
"Uzbekistan"	860	15194.04	15635.563	15831.226	15630.173	15283.544	14928.607	14276.539	13681.649	12843.679	12120.699	11370.903	10414.062	9282.118	8454.259	7870.711	7281.746	6471.927	5879.164
"Afghanistan"	4	15752.858	14437.946	14069.937	13583.186	13672.616	13902.763	13800.389	13991.672	13880.656	12923.137	12228.002	11429.09	11089.161	10309.265	9460.974	8627.354	7861.755	6886.263
"Bangladesh"	50	79718.677	82149.793	84217.963	85631.155	86482.473	86380.408	85142.611	83162.032	80559.903	77508.282	73967.767	69774.904	65305.964	62059.651	56698.998	52896.202	48376.752	43357.569
"Bhutan"	64	358.546	339.457	321.949	309.884	285.333	264.781	246.239	240.734	229.147	210.497	194.55	172.518	154.903	138.062	123.492	109.337	95.085	82.471
"India"	356	631502.119	659263.631	682684.986	703079.748	716788.027	724075.529	726405.309	721273.435	711470.994	698033.942	678088.564	654602.733	631170.965	595016.662	563953.066	533733.664	499184.955	466171.616
"Iran (Islamic Republic of)"	364	39274.07	39582.915	39648.331	39540.198	39336.698	38686.477	37883.105	36868.768	35219.65	33332.021	30929.895	28062.698	25452.915	22500.772	20453.019	18127.125	15599.62	13980.653
"Maldives"	462	181.29	189.127	194.893	198.723	199.775	200.404	200.341	196.627	190.569	182.841	171.591	161.425	150.691	140.791	129.525	118.678	106.762	96.451
"Nepal"	524	14697.228	14967.401	15184.948	15261.94	15102.716	14776.9	14513.312	14098.848	13482.747	12731.964	11922.188	11075.727	10123.232	8989.158	7997.214	7044.814	6213.316	5278.631
"Pakistan"	586	91872.571	98952.305	105415.391	111057.753	114954.933	119287.907	123479.454	125459.66	125728.081	124536.04	122928.773	119735.447	114363.466	108914.918	102460.616	96745.027	92288.492	86865.612
"Sri Lanka"	144	10735.746	10795.214	10732.323	10572.049	10323.52	9957.741	9589.824	9139.972	8564.798	8030.247	7441.912	6802.348	6205.675	5692.901	5101.148	4483.27	3974.519	3484.152
"Brunei Darussalam"	96	205.161	210.065	211.248	209.1	202.647	194.783	184.897	170.688	157.296	141.511	126.489	111.746	97.091	86.91	75.639	63.477	53.034	45.028
"Cambodia"	116	7979.745	8332.51	8606.386	8814.788	9015.522	9181.765	9302.2	9330.852	9298.946	9112.848	8918.245	8701.712	8421.097	8094.765	7735.141	7294.249	6838.722	6493.379
"Indonesia"	360	127875.936	132850.546	136732.035	140388.227	142037.231	142925.756	142061.324	140734.589	138110.414	133805.523	129718.421	125114.392	120663.164	115724.048	109512.313	103036.938	97111.952	91989.71
"Lao People's Democratic Republic"	418	3416.695	3528.774	3640.025	3716.161	3789.527	3859.331	3839.557	3793.81	3736.878	3630.443	3515.465	3388.99	3178.087	2978.558	2734.368	2534.219	2289.239	2010.16
"Malaysia"	458	15305.331	16097.004	16769.223	17250.298	17528.536	17681.329	17690.692	17458.487	17101.131	16609.671	15981.644	15334.184	14404.044	13689.155	12603.694	11776.674	10679.01	9929.844
"Myanmar"	104	27562.17	28095.628	28398.138	28485.851	28370.446	27798.036	27048.122	26132.907	24994.558	23791.396	22307.672	20866.806	19442.293	17943.909	16331.417	14922.57	13430.222	12272.806
"Philippines"	608	49886.839	52658.231	55288.783	57187.847	58606.079	59956.515	60453.906	60207.561	59900.339	58891.471	57571.566	55855.866	53711.177	51638.851	49486.425	46589.483	44281.244	41658.888
"Singapore"	702	2838.705	2917.146	2935.642	2895.517	2813.361	2723.102	2602.737	2462.28	2226.199	2024.458	1765.064	1510.543	1299.605	1165.849	1011.316	877.598	739.463	610.493
"Thailand"	764	34464.57	34117.476	33565.42	32775.252	31774.447	30512.125	29080.22	27403.951	25520.003	23453.495	21543.599	19716.588	18016.785	16094.03	14830.376	13335.443	12158.689	11054.857
"Timor-Leste"	626	583.192	565.133	564.555	582.107	600.026	624.052	649.874	667.951	672.257	688.981	677.503	672.415	673.815	641.723	647.004	631.876	590.485	563.389
"Viet Nam"	704	47223.132	48799.351	50150.879	51010.931	51547.516	51496.731	51153.539	50309.254	49283.582	47715.806	46132.066	43820.556	41629.101	40066.556	37888.825	36061.889	33766.892	31865.202
"Armenia"	51	1618.201	1533.402	1439.825	1338.597	1235.74	1120.837	1014.137	918.174	809.162	717.295	639.736	568.603	489.978	416.949	357.245	314.501	277.879	248.169
"Azerbaijan"	31	4898.422	5061.666	5132.632	5133.432	5097.394	5038.474	4927.379	4783.361	4593.932	4393.369	4187.017	3990.572	3770.983	3527.029	3293.153	3092.39	2879.214	2708.646
"Bahrain"	48	523.63	549.016	562.719	569.838	568.108	569.314	547.124	525.752	514.747	502.797	475.844	455.715	442.445	433.336	417.838	396.721	382.764	390.914
"Cyprus"	196	570.808	557.656	537.172	505.891	476.025	445.795	415.75	372.841	341.145	303.297	257.016	226.146	188.814	159.236	130.579	106.545	84.77	70.273
"Georgia"	268	2091.661	1881.591	1661.629	1446.651	1246.969	1085.141	931.906	788.115	662.647	542.88	432.897	341.583	269.306	207.622	157.198	128.479	104.277	86.195
"Iraq"	368	17986.418	19982.335	21917.363	24082.191	26501.625	28991.749	30991.019	32892.441	34637.156	36005.004	37268.252	38653.885	39545.105	40016.42	39994.449	39557.882	39279.232	38561.886
"Israel"	376	4065.413	4050.163	4054.039	3970.068	3932.827	3860.418	3786.236	3716.932	3687.089	3611.924	3423.374	3322.419	3195.302	3000.588	2929.608	2864.493	2738.8	2626.461
"Jordan"	400	3705.533	3415.433	3298.801	3287.434	3215.661	3237.918	3187.327	3168.375	3125.697	2884.004	2710.536	2667.839	2470.172	2264.377	2221.614	2100.082	2028.158	1832.496
"Kuwait"	414	1705.679	1765.629	1755.802	1775.236	1730.887	1767.301	1853.488	1948.428	1998.778	2024.933	1981.58	2026.232	2072.44	2047.562	2109.374	2147.826	2210.555	2199.389
"Lebanon"	422	2912.214	2732.425	2594.785	2410.2	2300.324	2277.746	2230.908	2148.612	2087.207	1956.257	1827.864	1743.194	1661.841	1514.12	1358.135	1240.888	1080.454	983.725
"Oman"	512	1511.914	1659.928	1778.367	1865.408	1936.609	1990.624	2035.967	2047.594	2004.231	1942.299	1903.476	1933.314	1885.804	1844.453	1790.848	1720.381	1641.09	1616.314
"Qatar"	634	611.636	606.366	628.479	669.582	703.784	780.039	831.109	905.12	942.193	983.684	1055.297	1085.93	1212.458	1224.279	1274.189	1361.852	1478.419	1489.016
"Saudi Arabia"	682	13704.462	14663.844	15347.288	15771.687	16040.89	16251.643	16345.631	16457.638	16288.127	16138.882	15843.3	15184.769	14571.398	14083.984	13608.054	13120.693	12503.82	11701.253
"State of Palestine"	275	2301.716	2232.862	2234.286	2292.623	2359.17	2425.35	2465.162	2478.827	2466.479	2378.097	2312.384	2342.727	2259.168	2177.916	2126.224	2032.474	1928.85	1906.977
"Syrian Arab Republic"	760	9135.904	8065.075	7862.665	8261.107	8619.351	8641.75	8362.077	7852.225	7316.685	6934.331	6586.042	6284.257	5909.484	5503.956	4875.804	4474.628	4075.827	3589.495
"Turkey"	792	39991.268	41654.708	42846.483	43886.164	44325.92	44672.72	44690.628	44025.365	43571.105	42180.578	40969.454	39662.503	37661.337	35673.102	33832.193	31449.655	29026.252	26695.335
"United Arab Emirates"	784	2448.707	2351.34	2329.756	2314.966	2526.101	2811.32	3073.81	3407.725	3564.299	3934.328	4408.198	4717.261	5268.214	5501.386	5787.957	5994.272	6220.085	6802.186
"Yemen"	887	13278.933	14246.13	15128.716	15795.52	16387.144	16789.363	17100.258	17181.788	17133.414	16414.652	16031.118	15409.261	14701.231	13632.075	13288.333	12351.791	11495.811	10533.489
"EUROPE"	908	382101.84	378919.029	374564.674	368150.27	361050.602	353974.686	345958.474	337615.461	328502.802	318351.915	308933.674	298898.517	289603.48	282705.774	276469.624	270658.007	265377.828	260514.13
"Belarus"	112	5082.297	4964.142	4814.526	4643.472	4453.381	4285.844	4111.773	3943.452	3765.559	3560.433	3388.538	3222.949	3073.843	2968.209	2853.443	2769.331	2649.418	2560.07
"Bulgaria"	100	3676.381	3461.405	3236.054	3002.754	2773.472	2544.485	2345.012	2167.883	1977.798	1814.489	1649.751	1493.448	1377.944	1250.085	1156.355	1087.787	1028.633	949.122
"Czech Republic"	203	5363.119	5237.641	5097.795	4901.397	4696.206	4494.706	4258.421	4061.288	3873.905	3639.025	3425.321	3203.973	3002.855	2838.654	2710.528	2565.599	2489.443	2359.001
"Hungary"	348	5164.158	4942.734	4721.741	4502.212	4241.839	3985.64	3750.094	3531.782	3273.767	3047.682	2823.018	2583.93	2346.227	2153.686	1974.491	1817.048	1672.703	1584.018
"Poland"	616	19938.107	19505.265	18871.731	18127.713	17220.628	16285.55	15265.177	14254.333	13177.292	12153.904	11184.931	10083.389	9035.746	8053.145	7249.718	6417.555	5707.721	5134.836
"Republic of Moldova"	498	2113.038	2033.071	1940.089	1813.48	1679.261	1543.857	1413.416	1271.288	1143.273	993.971	855.831	734.518	613.367	504.6	408.843	344.699	290.302	234.881
"Romania"	642	10060.347	9489.675	8869.772	8195.776	7497.923	6754.518	6088.061	5414.687	4810.1	4197.445	3580.133	3045.892	2575.844	2147.23	1819.099	1533.146	1274.814	1076.33
"Russian Federation"	643	76812.871	75249.711	73146.124	70664.506	67454.667	64331.01	61330.329	58615.323	55699.919	52699.937	49962.251	47062.737	44717.728	42173.441	40359.611	39045.379	37043.977	35499.571
"Slovakia"	703	2796.123	2750.983	2685.675	2600.021	2499.221	2380.035	2259.012	2123.033	1993.818	1861.266	1700.751	1570.017	1426.822	1329.341	1241.927	1146.189	1064.478	986.49
"Ukraine"	804	24064.369	23083.253	22093.668	20994.783	19861.919	18743.607	17612.246	16576.933	15533.809	14574.783	13542.01	12491.795	11694.173	10999.422	10454.91	10013.459	9557.322	8979.207
"Channel Islands"	830	82.567	81.805	80.479	78.593	75.281	72.259	68.761	65.024	60.163	56.252	51.477	45.909	41.288	37.065	33.977	30.297	27.772	25.025
"Denmark"	208	2855.152	2864.764	2875.109	2864.218	2842.832	2788.79	2745.336	2697.775	2650.614	2572.607	2509.016	2457.483	2402.386	2312.309	2242.863	2145.147	2052.025	2001.505
"Estonia"	233	698.24	643.668	595.722	552.366	503.401	459.731	429.594	390.961	367.862	339.845	305.311	280.528	256.986	240.483	216.721	206.411	204.375	195.453
"Finland"	246	2794.418	2771.144	2736.551	2689.73	2625.558	2534.552	2444.731	2346.56	2256.965	2160.42	2107.237	2013.243	1908.281	1824.413	1712.533	1619.61	1523.618	1427.091
"Iceland"	352	164.405	165.023	164.964	164.242	162.096	160.264	155.009	151.005	144.508	136.21	131.024	123.825	117.67	112.031	104.324	100.622	99.181	97.913
"Ireland"	372	2348.368	2236.901	2112.592	1977.567	1852.798	1673.36	1558.623	1369.393	1238.123	1068.262	897.561	791.503	671.088	556.083	496.821	426.669	342.215	297.341
"Latvia"	428	1066.513	963.935	860.679	765.312	672.769	592.49	513.19	441.054	371.86	316.945	259.838	222.77	183.956	157.322	125.92	103.016	83.097	71.753
"Lithuania"	440	1553.165	1402.764	1257.105	1108.687	966.749	843.706	722.581	618.944	512.608	418.829	338.667	270.4	209.738	171.997	136.764	112.97	94.163	78.409
"Norway"	578	2586.163	2691.152	2782.218	2854.129	2904.992	2929.29	2947.996	2927.016	2907.783	2893.398	2857.525	2812.1	2715.653	2657.574	2588.492	2518.089	2465.671	2349.442
"Sweden"	752	4892.609	4951.359	5000.838	5018.753	4959.95	4915.553	4893.613	4836.854	4777.051	4709.65	4647.773	4551.115	4518.727	4336.927	4247.819	4099.377	3906.814	3816.181
"United Kingdom"	826	32817.216	33135.183	33363.9	33358.97	33191.891	32783.343	32375.43	31826.355	31234.277	30218.244	29497.913	28578.252	27767.78	26877.847	25893.413	25007.811	24091.937	23615.223
"Albania"	8	1459.859	1355.513	1257.22	1128.46	1009.622	891.133	812.158	736.421	650.978	583.637	511.447	437.518	396.555	349.453	306.354	260.354	224.21	193.927
"Bosnia and Herzegovina"	70	1913.965	1707.558	1539.014	1388.766	1242.613	1079.351	959.869	819.333	701.789	594.357	487.368	394.093	315.014	256.041	210.06	170.182	142.024	126.747
"Croatia"	191	2195.067	2082.718	1971.939	1846.284	1725.261	1607.429	1489.779	1364.525	1248.379	1146.814	1043.052	947.868	854.341	773.829	691.167	619.033	567.463	509.094
"Greece"	300	5609.448	5296.862	4971.054	4619.565	4260.399	3869.642	3446.806	3100.136	2777.455	2469.427	2116.872	1795.237	1471.479	1258.429	1066.298	893.476	774.513	694.066
"Italy"	380	30727.975	29972.94	28996.645	27917.312	26606.818	25209.186	23902.71	22542.653	20871.647	19496.091	17891.644	16411.789	14917.291	13655.411	12789.825	11912.122	11248.808	10518.309
"Malta"	470	210.174	205.744	199.208	192.162	182.741	172.312	161.364	149.004	137.501	124.923	111.008	99.247	88.846	81.32	72.122	64.995	54.999	50.059
"Montenegro"	499	316.57	295.834	277.433	260.099	240.076	220.993	200.469	184.371	165.499	149.456	134.395	117.831	105.904	96.018	83.511	72.202	62.708	55.817
"Portugal"	620	5449.264	5232.432	4845.851	4471.702	4138.577	3743.118	3342.623	2969.293	2632.675	2342.778	2040.595	1731.451	1462.442	1228.491	1064.046	889.049	734.686	581.543
"Serbia"	688	4531.328	4241.53	3990.987	3771.28	3521.57	3302.49	3098.175	2913.493	2690.472	2501.353	2279.267	2107.505	1891.198	1729.464	1552.525	1383.882	1268.096	1183.909
"Slovenia"	705	1042.698	1011.099	973.61	934.562	888.598	844.822	779.304	731.3	671.182	618.255	566.063	525.505	490.374	432.748	397.069	361.255	335.612	325.878
"Spain"	724	23498.098	22090.799	20663.209	19196.861	17929.357	16650.417	15359.573	13912.285	12216.128	10429.195	8621.017	7339.45	6379.856	5558.914	4715.681	4078.192	3468.934	3042.596
"TFYR Macedonia"	807	1043.803	989.899	944.137	884.469	827.477	776.316	711.854	645.683	583.042	518.898	454.824	396.327	346.14	303.633	274.257	233.686	205.14	181.131
"Austria"	40	4348.265	4305.816	4254.889	4150.869	4096.086	3948.132	3825.87	3667.119	3470.752	3297.318	3121.613	2963.185	2795.567	2630.096	2485.887	2346.788	2222.885	2134.185
"Belgium"	56	5740.091	5776.551	5804.742	5791.271	5740.462	5688.629	5617.995	5475.546	5396.214	5230.49	5022.728	4838.285	4719.644	4628.903	4432.453	4369.298	4219.899	4024.156
"France"	250	33053.692	32972.785	32871.364	32557.79	32108.801	31784.052	31015.905	30020.166	29108.469	28449.481	27692.427	26772.07	25746.414	24947.3	23836.825	23198.987	21943.073	21324.534
"Germany"	276	41035.821	39790.758	38633.49	36943.042	35375.694	33772.088	31859.283	29968.161	28053.67	26097.731	24472.601	22716.539	20904.151	19217.032	17813.741	16319.656	15129.334	13962.115
"Luxembourg"	442	282.495	294.416	301.371	305.673	301.808	300.006	292.667	285.031	271.151	255.598	239.569	217.023	196.002	173.97	153.492	138.741	122.689	109.39
"Netherlands"	528	8524.303	8530.417	8521.588	8464.946	8353.869	8188.457	7960.373	7719.417	7470.952	7229.705	6985.079	6710.806	6521.733	6320.741	6147.492	5955.113	5775.574	5623.83
"Switzerland"	756	4189.298	4173.371	4133.32	4029.353	3883.703	3701.053	3467.509	3179.189	2951.549	2699.028	2582.873	2368.127	2097.243	1954.395	1742.453	1614.146	1470.046	1341.41
"LATIN AMERICA AND THE CARIBBEAN"	904	320707.421	333974.762	345598.501	354160.265	360214.953	364289.116	365384.344	365081.567	361388.334	355461.066	347985.217	339382.57	327522.956	315582.49	302358.765	288870.601	276107.889	263824.835
"Antigua and Barbuda"	28	47.929	44.308	41.259	38.843	35.762	32.583	29.88	27.057	24.131	22.112	19.553	17.878	16.418	14.603	13.492	11.908	9.657	8.856
"Aruba"	533	54.514	42.05	36.886	32.273	28.033	23.881	20.768	17.862	14.937	11.921	10.108	8.97	7.751	7.245	6.935	6.623	5.76	5.337
"Bahamas"	44	198.062	191.707	185.586	172.31	160.936	149.43	134.725	120.35	105.405	92.595	82.631	72.181	63.887	54.312	46.756	38.839	31.095	26.601
"Barbados"	52	148.039	143.809	138.347	132.159	125.613	117.887	110.658	103.302	96.064	86.097	78.742	70.303	64.32	57.446	50.637	44.417	40.931	37.038
"Cuba"	192	5667.62	5529.952	5383.492	5166.036	4925.689	4628.159	4317.161	3991.716	3654.44	3305.196	2974.491	2656.824	2343.753	2066.004	1821.982	1608.833	1394.189	1222.205
"Curacao"	531	84.69	76.658	71.22	62.587	55.735	50.468	45.008	39.518	34.141	29.338	25.361	22.986	19.839	16.784	14.549	12.898	11.144	10.047
"Dominican Republic"	214	5282.291	5492.251	5641.67	5723.79	5761.207	5716.163	5642.754	5529.165	5370.271	5170.473	4901.303	4623.906	4355.226	4080.986	3720.341	3392.974	3047.471	2798.244
"Grenada"	308	53.241	47.157	43.124	38.336	35.684	33.22	30.871	28.277	26.174	22.919	21.087	18.002	15.525	12.577	10.618	9.425	8.031	6.902
"Guadeloupe"	312	251.8	239.502	228.313	219.139	207.551	193.604	180.834	165.277	152.869	139.541	123.709	109.623	97.291	87.994	79.651	73.308	67.33	59.297
"Haiti"	332	5413.645	5653.748	5834.23	5980.239	6049.363	6076.267	6062.01	5992.729	5881.647	5722.111	5510.265	5245.034	4985.762	4695.03	4396.667	4106.418	3791.302	3509.916
"Jamaica"	388	1402.296	1352.275	1271.257	1186.993	1084.462	994.45	888.071	798.962	697.922	621.031	518.558	443.286	374.113	306.837	245.272	202.403	165.407	135.514
"Martinique"	474	214.847	206.316	199.044	189.352	178.711	164.834	152.218	138.46	123.105	110.34	99.05	91.267	80.643	76.063	69.433	65.045	60.135	55.718
"Puerto Rico"	630	1912.66	1842.887	1768.94	1688.638	1599.368	1499.721	1404.396	1299.693	1189.021	1084.32	996.681	905.235	810.923	715.733	633.461	564.491	510.257	457.141
"Saint Lucia"	662	94.24	93.239	90.842	87.146	82.621	77.699	72.73	66.035	60.225	53.616	47.29	39.784	34.073	27.684	23.133	20.061	16.599	13.4
"Saint Vincent and the Grenadines"	670	54.23	52.288	49.494	46.025	42.121	37.814	33.401	28	23.79	20.145	17.096	14.06	11.591	9.597	7.831	6.162	5.113	4.236
"Trinidad and Tobago"	780	689.003	667.315	633.675	594.368	549.933	500.712	446.971	399.486	353.92	304.657	257.874	217.53	178.315	145.426	118.807	103.43	82.688	66.505
"United States Virgin Islands"	850	55.657	46.317	41.415	36.868	34.544	31.917	29.431	27.015	24.391	22.53	19.558	17.992	16.9	15.374	14.018	13.171	12.847	12.032
"Belize"	84	180.183	182.59	181.318	180.726	173.646	169.341	161.705	151.73	142.369	134.867	127.595	115.414	98.57	87.431	80.518	73.189	63.751	58.161
"Costa Rica"	188	2402.305	2482.115	2534.122	2560.274	2568.812	2558.694	2519.687	2456.351	2377.204	2298.149	2200.706	2081.737	1969.755	1857.612	1706.353	1555.393	1436.104	1332.801
"El Salvador"	222	3251.342	3234.532	3176.481	3077.561	2940.595	2774.791	2576.409	2390.354	2209.858	1987.193	1764.047	1563.216	1358.498	1172.413	984.66	824.953	653.045	525.629
"Guatemala"	320	8349.629	8966.19	9497.414	9946.595	10297.644	10579.942	10815.743	10962.712	10902.991	10765.735	10415.825	10096.809	9682.51	9244.736	8721.442	8203.298	7609.979	7049.766
"Honduras"	340	4039.098	4189.353	4304.863	4379.137	4425.177	4436.964	4375.941	4310.74	4232.632	4057.833	3899.191	3674.853	3457.217	3201.263	2866.54	2601.195	2338.825	2064.109
"Mexico"	484	63835.777	66022.118	67636.633	68676.245	68984.342	68874.615	68016.162	66705.821	64668.059	61793.088	58514.281	55415.709	51586.492	47602.947	44214.518	40196.594	36245.19	33134.017
"Nicaragua"	558	3084.059	3177.033	3232.559	3256.659	3237.26	3211.459	3138.999	3034.338	2894.622	2739.207	2567.477	2382.282	2167.92	1946.079	1718.863	1519.749	1290.629	1088.573
"Panama"	591	1959.401	2075.105	2178.144	2265.538	2338.311	2398.604	2432.828	2446.594	2446.209	2432.495	2409.099	2370.711	2300.258	2243.748	2172.406	2090.631	2005.19	1924.301
"Argentina"	32	22172.053	22798.242	23337.188	23820.156	24040.8	24204.141	24381.339	24366.998	24148.882	23835.49	23247.24	22653.031	21941.669	21228.528	20457.049	19769.706	19091.193	18217.983
"Bolivia (Plurinational State of)"	68	5353.99	5662.914	5940.993	6188.605	6379.102	6520.252	6641.082	6639.009	6656.95	6610.084	6496.993	6356.212	6148.633	5862.733	5585.935	5237.275	4796.203	4492.587
"Brazil"	76	105646.79	108479.974	110598.628	111231.761	111124.456	110309.94	108658.677	105870.871	102136.388	97958.798	93296.087	87571.06	81987.842	76401.983	70375.451	64617.778	58908.299	53640.055
"Chile"	152	9093.072	9398.359	9632.403	9807.964	9908.575	9897.137	9809.341	9669.127	9448.813	9213.996	8860.735	8475.269	8044.04	7702.3	7140.181	6745.398	6346.676	5954.137
"Colombia"	170	24485.169	25133.295	25600.249	25711.547	25542.297	25161.714	24550.914	23696.371	22749.862	21573.995	20319.053	19066.832	17924.64	16417.002	15093.037	13736.688	12308.782	10922.052
"Ecuador"	218	8073.299	8529.593	8935.236	9238.771	9477.321	9662.697	9772.498	9813.054	9714.863	9638.676	9437.97	9205.391	8834.957	8573.277	8146.404	7814.733	7383.943	6966.138
"French Guiana"	254	134.37	131.834	128.855	120.023	115.296	114.946	115.8	116.302	112.429	107.711	107.225	99.171	97.491	95.699	94.102	93.307	91.776	91.141
"Guyana"	328	381.586	349.094	311.557	278.891	244.236	218.686	194.924	190.175	192.495	192.741	195.508	196.761	197.523	199.629	200.037	201.13	203.178	204.919
"Paraguay"	600	3269.997	3419.802	3543.182	3637.563	3693.889	3713.633	3705.644	3677.032	3636.414	3562.522	3463.174	3351.595	3211.181	3090.497	2895.83	2717.278	2540.258	2354.34
"Peru"	604	15703.562	16318.504	16813.413	17098.144	17256.711	17305.169	17188.857	16915.191	16599.754	16118.981	15599.873	14947.774	14101.712	13216.519	12380.476	11442.341	10454.332	9518.355
"Suriname"	740	270.937	255.704	242.949	227.625	201.901	185.774	169.439	164.032	163.536	163.122	162.888	162.938	162.742	160.523	159.892	158.731	158.739	158.331
"Uruguay"	858	1775.156	1744.7	1714.181	1677.8	1617.634	1559.139	1496.047	1427.144	1365.742	1294.872	1222.909	1137.57	1062.686	993.445	907.472	827.397	744.408	670.638
"Venezuela (Bolivarian Republic of)"	862	15620.882	16406.781	17138.252	17700.432	18165.45	18473.971	18644.234	18625.231	18452.143	18177.269	17720.048	17241.951	16535.069	15788.985	15071.755	14282.678	13483.924	12738.821
"NORTHERN AMERICA"	905	180393.518	184005.695	186938.823	188715.866	189431.618	189128.611	187557.739	184761.881	182321.534	177010.208	175184.157	172005.218	168346.909	165806.972	161849.803	154829.267	148845.458	144176.668
"Canada"	124	18113.659	18371.041	18488.078	18403.654	18123.989	17683.924	17204.35	16721.984	15886.431	15005.452	14075.134	13088.625	12376.965	11524.132	10984.743	10415.475	9860.349	9686.263
"United States of America"	840	162279.859	165094.72	167616.094	168758.73	168992.062	168330.787	166823.688	163325.324	160197.402	157980.385	155146.185	150795.408	146541.775	141900.61	138839.444	135256.042	129580.931	124522.262
"OCEANIA"	909	19504.414	20216.644	20815.425	21257.966	21462.667	21370.526	21402.66	21119.662	20874.938	20449.384	20373.905	20159.082	20033.817	19734.742	19640.068	19315.595	19011.039	18760.088
"Australia"	36	11993.038	12188.147	12233.875	12045.338	11812.005	11346.801	10665.028	10276.358	9725.805	8957.608	8454.522	7870.631	7593.901	7555.505	7489.714	7469.968	7433.082	7401.846
"New Zealand"	554	2315.403	2285.929	2277.972	2245.588	2231.08	2183.366	2144.08	2054.936	1979.491	1873.834	1767.053	1705.543	1648.493	1592.278	1541.69	1481.635	1373.191	1298.199
"Fiji"	242	438.518	427.682	411.293	391.974	376.364	351.012	328.539	302.134	279.643	256.483	233.234	212.817	186.019	168.373	152.087	134.737	119.186	104.743
"New Caledonia"	540	130.393	131.089	132.441	133.142	134.976	133.864	130.589	129.024	126.772	124.828	122.656	120.496	116.935	112.923	110.34	103.328	99.922	97.549
"Papua New Guinea"	598	3732.533	4039.426	4322.604	4597.76	4830.762	5032.759	5203.053	5305.324	5393.088	5370.581	5358.869	5290.847	5249.851	5143.648	4981.009	4838.344	4657.936	4501.864
"Solomon Islands"	90	287.268	307.817	327.464	345.098	358.858	370.452	381.683	387.6	387.645	384.873	381.131	378.049	366.804	353.886	335.938	327.135	306.964	289.781
"Vanuatu"	548	130.597	138.529	146.904	154.124	159.796	166.504	174.326	179.007	184.302	185.326	183.926	181.44	181.881	177.39	174.419	168.494	162.974	156.917
"Guam"	316	83.732	83.919	83.778	82.445	80.871	78.136	75.542	71.637	67.131	62.812	58.343	54.833	52.833	49.642	44.626	42.381	38.386	33.048
"Kiribati"	296	56.999	59.809	61.873	63.358	64.244	64.363	65.424	65.103	64.301	63.259	61.497	58.736	57	55.11	53.05	50.698	48.872	45.397
"Micronesia (Fed. States of)"	583	50.95	48.03	47.933	45.814	42.98	39.633	37.113	35.671	34.493	33.698	31.237	29.004	26.831	24.871	22.595	20.803	18.777	16.922
"French Polynesia"	258	138.468	138.309	138.322	136.576	133.334	128.09	123.466	118.408	112.869	106.493	99.368	92.653	85.599	79.442	74.645	69.115	65.001	58.913
"Samoa"	882	93.584	92.245	89.293	85.711	81.567	77.175	73.249	70.405	66.608	61.731	56.709	52.54	47.593	43.146	37.953	34.336	30.814	27.02
"Tonga"	776	52.931	49.176	45.436	42.798	41.535	39.664	38.432	36.516	34.233	31.661	28.597	26.436	23.886	21.576	19.517	16.99	15.747	13.462
